NIOZ114_sc48_1	3180	698	0
NIOZ114_sc51_1	2979	422	0
NIOZ114_sc85_1	3851	555	0
NIOZ114_sc96_1	7741	1150	0
NIOZ114_sc105_1	5916	909	0
NIOZ114_sc126_1	11147	1320	0
NIOZ114_sc137_1	6622	952	0
NIOZ114_sc146_1	3037	281	0
NIOZ114_sc152_1	8071	970	0
NIOZ114_sc159_1	7144	1038	0
NIOZ114_sc202_1	2716	368	0
NIOZ114_sc228_1	15458	2022	0
NIOZ114_sc282_1	5321	551	0
NIOZ114_sc284_1	6516	924	0
NIOZ114_sc294_1	9005	1949	0
NIOZ114_sc297_1	11922	1694	0
NIOZ114_sc313_1	5041	1098	0
NIOZ114_sc318_1	5445	908	0
NIOZ114_sc344_1	27066	3483	0
NIOZ114_sc378_1	27217	3713	0
NIOZ114_sc392_1	7416	1164	0
NIOZ114_sc405_1	8854	1356	0
NIOZ114_sc419_1	2909	885	0
NIOZ114_sc422_1	10813	1776	0
NIOZ114_sc424_1	10141	1262	0
NIOZ114_sc431_1	10461	2833	0
NIOZ114_sc447_1	7723	880	0
NIOZ114_sc464_1	42416	13857	0
NIOZ114_sc467_1	23556	3880	0
NIOZ114_sc477_1	4933	815	0
NIOZ114_sc492_1	33518	7290	0
NIOZ114_sc493_1	8114	1241	0
NIOZ114_sc516_1	10481	1228	0
NIOZ114_sc532_1	4990	681	0
NIOZ114_sc534_1	2924	932	0
NIOZ114_sc543_1	85529	20830	0
NIOZ114_sc544_1	9738	2450	0
NIOZ114_sc549_1	4777	1447	0
NIOZ114_sc557_1	3744	485	0
NIOZ114_sc562_1	49948	11162	0
NIOZ114_sc564_1	17599	4511	0
NIOZ114_sc577_1	7198	930	0
NIOZ114_sc597_1	48021	8161	0
NIOZ114_sc614_1	12314	3047	0
NIOZ114_sc646_1	17445	4282	0
NIOZ114_sc660_1	57344	15190	0
NIOZ114_sc688_1	9982	1749	0
NIOZ114_sc705_1	5462	420	0
NIOZ114_sc709_1	7011	1769	0
NIOZ114_sc728_1	3427	670	0
NIOZ114_sc732_1	12040	1748	0
NIOZ114_sc757_1	2830	457	0
NIOZ114_sc791_1	4645	594	0
NIOZ114_sc807_1	4927	525	0
NIOZ114_sc837_1	7624	1823	0
NIOZ114_sc855_1	28447	5242	0
NIOZ114_sc862_1	7160	891	0
NIOZ114_sc867_1	5680	773	0
NIOZ114_sc869_1	5072	894	0
NIOZ114_sc872_1	9778	1835	0
NIOZ114_sc885_1	6118	297	0
NIOZ114_sc890_1	4377	450	0
NIOZ114_sc905_1	51480	8259	0
NIOZ114_sc925_1	8000	1112	0
NIOZ114_sc937_1	13419	988	0
NIOZ114_sc959_1	3465	801	0
NIOZ114_sc989_1	3445	556	0
NIOZ114_sc1001_1	4730	1212	0
NIOZ114_sc1006_1	5774	670	0
NIOZ114_sc1014_1	5394	785	0
NIOZ114_sc1029_1	3960	698	0
NIOZ114_sc1034_1	6713	954	0
NIOZ114_sc1057_1	16853	1812	0
NIOZ114_sc1060_1	19879	2275	0
NIOZ114_sc1096_1	27204	6416	0
NIOZ114_sc1098_1	37217	5294	0
NIOZ114_sc1102_1	5883	741	0
NIOZ114_sc1105_1	14960	3477	0
NIOZ114_sc1112_1	3858	561	0
NIOZ114_sc1152_1	3331	603	0
NIOZ114_sc1166_1	2557	368	0
NIOZ114_sc1195_1	11304	1925	0
NIOZ114_sc1196_1	5902	900	0
NIOZ114_sc1200_1	3636	415	0
NIOZ114_sc1202_1	4951	1239	0
NIOZ114_sc1209_1	30705	6513	0
NIOZ114_sc1212_1	4806	1135	0
NIOZ114_sc1225_1	4958	602	0
NIOZ114_sc1248_1	4134	522	0
NIOZ114_sc1261_1	123014	32518	0
NIOZ114_sc1262_1	2527	276	0
NIOZ114_sc1265_1	3523	967	0
NIOZ114_sc1274_1	4890	606	0
NIOZ114_sc1283_1	13984	3983	0
NIOZ114_sc1292_1	9502	1734	0
NIOZ114_sc1293_1	13321	1515	0
NIOZ114_sc1303_1	4603	588	0
NIOZ114_sc1309_1	3990	491	0
NIOZ114_sc1341_1	4391	990	0
NIOZ114_sc1365_1	10324	2809	0
NIOZ114_sc1373_1	5853	943	0
NIOZ114_sc1375_1	13007	3258	0
NIOZ114_sc1409_1	9360	1334	0
NIOZ114_sc1412_1	10640	1628	0
NIOZ114_sc1417_1	7126	760	0
NIOZ114_sc1429_1	4362	984	0
NIOZ114_sc1431_1	11556	939	0
NIOZ114_sc1436_1	25123	7186	0
NIOZ114_sc1444_1	24281	5718	0
NIOZ114_sc1463_1	6608	917	0
NIOZ114_sc1479_1	22969	8419	0
NIOZ114_sc1482_1	3861	724	0
NIOZ114_sc1484_1	25357	4040	0
NIOZ114_sc1493_1	10457	2241	0
NIOZ114_sc1501_1	4420	656	0
NIOZ114_sc1528_1	14867	3889	0
NIOZ114_sc1531_1	2664	213	0
NIOZ114_sc1538_1	80823	23540	0
NIOZ114_sc1572_1	5806	688	0
NIOZ114_sc1596_1	21336	3054	0
NIOZ114_sc1625_1	4306	422	0
NIOZ114_sc1654_1	6406	740	0
NIOZ114_sc1661_1	118443	28224	0
NIOZ114_sc1668_1	14064	1904	0
NIOZ114_sc1672_1	13748	1632	0
NIOZ114_sc1673_1	36156	8824	0
NIOZ114_sc1694_1	24160	799	0
NIOZ114_sc1748_1	10357	1412	0
NIOZ114_sc1753_1	4620	910	0
NIOZ114_sc1807_1	17929	2673	0
NIOZ114_sc1808_1	16262	3510	0
NIOZ114_sc1828_1	6613	879	0
NIOZ114_sc1857_1	5715	832	0
NIOZ114_sc1869_1	2939	179	0
NIOZ114_sc1871_1	16836	3266	0
NIOZ114_sc1885_1	21891	4569	0
NIOZ114_sc1888_1	5233	695	0
NIOZ114_sc1890_1	3997	659	0
NIOZ114_sc1891_1	6983	716	0
NIOZ114_sc1904_1	58510	15345	0
NIOZ114_sc1929_1	6834	885	0
NIOZ114_sc1956_1	61070	13644	0
NIOZ114_sc1980_1	53839	13197	0
NIOZ114_sc2006_1	14029	1864	0
NIOZ114_sc2009_1	138507	49050	0
NIOZ114_sc2024_1	3147	231	0
NIOZ114_sc2029_1	19358	3111	0
NIOZ114_sc2054_1	6312	750	0
NIOZ114_sc2082_1	4415	1180	0
NIOZ114_sc2093_1	14841	1916	0
NIOZ114_sc2146_1	7081	908	0
NIOZ114_sc2163_1	10498	1435	0
NIOZ114_sc2165_1	16998	2016	0
NIOZ114_sc2177_1	9252	2371	0
NIOZ114_sc2205_1	16904	4012	0
NIOZ114_sc2222_1	3022	643	0
NIOZ114_sc2232_1	10541	1509	0
NIOZ114_sc2254_1	3167	399	0
NIOZ114_sc2262_1	17321	3646	0
NIOZ114_sc2292_1	3597	800	0
NIOZ114_sc2299_1	4369	643	0
NIOZ114_sc2306_1	3134	1877	0
NIOZ114_sc2311_1	2557	520	0
NIOZ114_sc2315_1	2564	246	0
NIOZ114_sc2334_1	57613	16163	0
NIOZ114_sc2359_1	14645	1976	0
NIOZ114_sc2372_1	3907	739	0
NIOZ114_sc2391_1	82847	20018	0
NIOZ114_sc2420_1	20061	3903	0
NIOZ114_sc2437_1	3234	342	0
NIOZ114_sc2500_1	3643	407	0
NIOZ114_sc2541_1	17554	2262	0
NIOZ114_sc2561_1	14071	9299	0
NIOZ114_sc2597_1	3497	729	0
NIOZ114_sc2612_1	3125	478	0
NIOZ114_sc2648_1	6066	1002	0
NIOZ114_sc2701_1	2708	679	0
NIOZ114_sc2705_1	12999	2619	0
NIOZ114_sc2713_1	6191	809	0
NIOZ114_sc2736_1	3206	430	0
NIOZ114_sc2755_1	8252	1033	0
NIOZ114_sc2796_1	7478	1872	0
NIOZ114_sc2820_1	14025	2904	0
NIOZ114_sc2824_1	14362	3447	0
NIOZ114_sc2831_1	4616	659	0
NIOZ114_sc2857_1	10742	2719	0
NIOZ114_sc2859_1	5888	822	0
NIOZ114_sc2881_1	6813	902	0
NIOZ114_sc2896_1	25510	4249	0
NIOZ114_sc2921_1	14282	1543	0
NIOZ114_sc3004_1	8269	2214	0
NIOZ114_sc3018_1	29018	6994	0
NIOZ114_sc3022_1	19276	3520	0
NIOZ114_sc3047_1	38557	9401	0
NIOZ114_sc3087_1	12247	1379	0
NIOZ114_sc3097_1	18529	4814	0
NIOZ114_sc3120_1	22846	4818	0
NIOZ114_sc3167_1	2613	363	0
NIOZ114_sc3169_1	19767	920	0
NIOZ114_sc3208_1	14437	1998	0
NIOZ114_sc3254_1	6182	963	0
NIOZ114_sc3256_1	28506	7327	0
NIOZ114_sc3266_1	6870	1020	0
NIOZ114_sc3311_1	10281	1381	0
NIOZ114_sc3332_1	10102	2374	0
NIOZ114_sc3334_1	84327	19365	0
NIOZ114_sc3361_1	25059	2950	0
NIOZ114_sc3364_1	3128	398	0
NIOZ114_sc3390_1	4633	666	0
NIOZ114_sc3397_1	5823	777	0
NIOZ114_sc3403_1	5204	1046	0
NIOZ114_sc3408_1	56846	7904	0
NIOZ114_sc3410_1	3083	340	0
NIOZ114_sc3417_1	5702	1435	0
NIOZ114_sc3431_1	40569	8424	0
NIOZ114_sc3436_1	39051	8535	0
NIOZ114_sc3439_1	26149	2937	0
NIOZ114_sc3441_1	45800	10470	0
NIOZ114_sc3447_1	10065	2235	0
NIOZ114_sc3470_1	7942	321	0
NIOZ114_sc3474_1	39511	8976	0
NIOZ114_sc3478_1	27634	6860	0
NIOZ114_sc3517_1	19032	5980	0
NIOZ114_sc3585_1	3265	510	0
NIOZ114_sc3597_1	18286	3358	0
NIOZ114_sc3604_1	4368	638	0
NIOZ114_sc3611_1	6732	1397	0
NIOZ114_sc3615_1	8326	1028	0
NIOZ114_sc3617_1	3379	744	0
NIOZ114_sc3636_1	2872	361	0
NIOZ114_sc3679_1	8236	1056	0
NIOZ114_sc3699_1	2952	386	0
NIOZ114_sc3740_1	42844	12357	0
NIOZ114_sc3742_1	2511	287	0
NIOZ114_sc3743_1	3788	531	0
NIOZ114_sc3753_1	4809	652	0
NIOZ114_sc3793_1	3353	430	0
NIOZ114_sc3817_1	6080	876	0
NIOZ114_sc3822_1	17347	2592	0
NIOZ114_sc3827_1	6305	1382	0
NIOZ114_sc3828_1	3245	241	0
NIOZ114_sc3839_1	34941	8498	0
NIOZ114_sc3840_1	11854	2616	0
NIOZ114_sc3845_1	3039	353	0
NIOZ114_sc3855_1	3399	462	0
NIOZ114_sc3889_1	16565	4233	0
NIOZ114_sc3918_1	11117	1939	0
NIOZ114_sc3927_1	57694	11964	0
NIOZ114_sc3930_1	11768	1670	0
NIOZ114_sc3957_1	64444	17195	0
NIOZ114_sc4036_1	2530	197	0
NIOZ114_sc4069_1	2567	203	0
NIOZ114_sc4080_1	7086	913	0
NIOZ114_sc4148_1	8001	1068	0
NIOZ114_sc4160_1	4377	1252	0
NIOZ114_sc4172_1	6493	439	0
NIOZ114_sc4194_1	54789	12285	0
NIOZ114_sc4203_1	29281	2845	0
NIOZ114_sc4226_1	10370	866	0
NIOZ114_sc4236_1	7464	2408	0
NIOZ114_sc4246_1	5690	910	0
NIOZ114_sc4257_1	4142	552	0
NIOZ114_sc4264_1	3028	316	0
NIOZ114_sc4306_1	7734	1234	0
NIOZ114_sc4324_1	8631	2325	0
NIOZ114_sc4339_1	103996	32913	0
NIOZ114_sc4341_1	3555	504	0
NIOZ114_sc4361_1	3332	524	0
NIOZ114_sc4369_1	11746	1415	0
NIOZ114_sc4372_1	67624	11778	0
NIOZ114_sc4377_1	12407	2621	0
NIOZ114_sc4398_1	115107	24928	0
NIOZ114_sc4402_1	17650	4718	0
NIOZ114_sc4438_1	7830	1757	0
NIOZ114_sc4442_1	17631	782	0
NIOZ114_sc4443_1	16955	4203	0
NIOZ114_sc4467_1	14541	3410	0
NIOZ114_sc4486_1	2645	553	0
NIOZ114_sc4489_1	11350	1531	0
NIOZ114_sc4498_1	3174	396	0
NIOZ114_sc4500_1	3003	389	0
NIOZ114_sc4523_1	8069	1223	0
NIOZ114_sc4528_1	56177	13222	0
NIOZ114_sc4540_1	71285	17772	0
NIOZ114_sc4546_1	3903	574	0
NIOZ114_sc4579_1	6296	989	0
NIOZ114_sc4591_1	11593	3491	0
NIOZ114_sc4598_1	9151	2017	0
NIOZ114_sc4600_1	4407	522	0
NIOZ114_sc4625_1	2592	302	0
NIOZ114_sc4639_1	10574	1610	0
NIOZ114_sc4652_1	16207	2521	0
NIOZ114_sc4657_1	5584	742	0
NIOZ114_sc4679_1	6639	807	0
NIOZ114_sc4701_1	14952	2068	0
NIOZ114_sc4703_1	22368	4887	0
NIOZ114_sc4710_1	7210	914	0
NIOZ114_sc4726_1	5933	1093	0
NIOZ114_sc4735_1	7001	2654	0
NIOZ114_sc4791_1	8618	1276	0
NIOZ114_sc4839_1	4828	693	0
NIOZ114_sc4840_1	3512	581	0
NIOZ114_sc4869_1	48877	13575	0
NIOZ114_sc4927_1	46067	10124	0
NIOZ114_sc4955_1	8582	1842	0
NIOZ114_sc4961_1	16672	3860	0
NIOZ114_sc4963_1	5075	1031	0
NIOZ114_sc4965_1	3235	589	0
NIOZ114_sc4968_1	11657	1901	0
NIOZ114_sc4969_1	4663	838	0
NIOZ114_sc4998_1	5720	1265	0
NIOZ114_sc5027_1	81638	18735	0
NIOZ114_sc5043_1	47118	12014	0
NIOZ114_sc5056_1	3466	776	0
NIOZ114_sc5069_1	3507	521	0
NIOZ114_sc5159_1	5960	1636	0
NIOZ114_sc5231_1	2653	321	0
NIOZ114_sc5237_1	3302	331	0
NIOZ114_sc5245_1	4253	671	0
NIOZ114_sc5267_1	27387	6921	0
NIOZ114_sc5270_1	4014	611	0
NIOZ114_sc5310_1	4848	657	0
NIOZ114_sc5324_1	5730	971	0
*	0	0	0
