contigName	contigLen	totalAvgDepth	NIOZ114_v_NIOZ114.sam_sort.bam	NIOZ114_v_NIOZ114.sam_sort.bam-var	NIOZ114_v_NIOZ118.sam_sort.bam	NIOZ114_v_NIOZ118.sam_sort.bam-var	NIOZ114_v_NIOZ130.sam_sort.bam	NIOZ114_v_NIOZ130.sam_sort.bam-var
NIOZ114_sc48_1	3180	60.6307	14.6828	43.4964	24.3383	70.0516	21.6096	56.0047
NIOZ114_sc51_1	2979	41.146	14.2192	27.6077	18.6377	20.4273	8.28915	12.3074
NIOZ114_sc85_1	3851	40.3007	15.689	20.884	16.6377	37.0355	7.97406	21.5944
NIOZ114_sc96_1	7741	43.537	16.024	31.6756	18.9843	34.3406	8.52865	16.3765
NIOZ114_sc105_1	5916	33.5054	11.6134	21.3481	14.2919	26.0899	7.60007	11.17
NIOZ114_sc126_1	11147	35.6221	13.5033	26.6129	14.6742	27.9517	7.44458	12.0302
NIOZ114_sc137_1	6622	38.1522	15.4561	34.3661	17.0566	33.5103	5.63952	9.10372
NIOZ114_sc146_1	3037	34.0402	15.8351	38.8105	12.2764	34.3269	5.92865	13.8229
NIOZ114_sc152_1	8071	34.0792	13.9196	26.2127	14.3198	28.6341	5.83979	15.6813
NIOZ114_sc159_1	7144	45.2076	18.9339	46.2744	18.8822	35.2697	7.39148	19.8761
NIOZ114_sc202_1	2716	38.7977	16.1033	31.3952	15.7042	39.8896	6.99026	13.3141
NIOZ114_sc228_1	15458	35.483	13.3985	25.7514	15.5237	33.3215	6.56082	12.7896
NIOZ114_sc282_1	5321	32.8089	12.8445	23.6471	13.4755	35.3982	6.48888	12.0518
NIOZ114_sc284_1	6516	33.5489	12.4045	23.552	15.7658	43.2282	5.37857	10.9112
NIOZ114_sc294_1	9005	71.149	17.0269	29.3282	31.4628	64.71	22.6593	53.1052
NIOZ114_sc297_1	11922	36.7355	14.4927	27.9975	15.2378	27.1032	7.00501	14.8055
NIOZ114_sc313_1	5041	64.6753	13.4985	29.5038	26.7547	59.145	24.4222	61.809
NIOZ114_sc318_1	5445	54.3197	11.0032	18.6988	21.5284	40.748	21.7881	30.5865
NIOZ114_sc344_1	27066	36.9513	13.763	29.2408	15.9988	32.568	7.18952	15.0657
NIOZ114_sc378_1	27217	42.3801	16.7188	37.7749	17.9189	37.1498	7.74238	13.3475
NIOZ114_sc392_1	7416	41.3953	16.8262	48.1981	16.6791	48.5738	7.89004	16.3346
NIOZ114_sc405_1	8854	43.4253	16.6502	23.2531	19.4534	52.6896	7.32181	12.6108
NIOZ114_sc419_1	2909	62.9967	15.975	32.3739	25.5941	72.5428	21.4277	84.1529
NIOZ114_sc422_1	10813	33.3628	12.1913	28.4601	14.1686	31.7468	7.00291	17.9939
NIOZ114_sc424_1	10141	39.3315	15.852	37.4075	16.3348	37.3457	7.14473	14.1251
NIOZ114_sc431_1	10461	75.1776	16.38	31.5339	34.184	62.4294	24.6136	43.8256
NIOZ114_sc447_1	7723	31.4457	11.7028	21.9615	13.4832	30.5204	6.25974	11.5647
NIOZ114_sc464_1	42416	19.7666	12.0064	21.7086	5.16162	14.0796	2.59854	9.74669
NIOZ114_sc467_1	23556	16.6432	10.7096	36.7551	4.12313	15.4847	1.81039	26.1607
NIOZ114_sc477_1	4933	37.7947	14.3088	43.7992	15.3303	38.4658	8.15555	19.2714
NIOZ114_sc492_1	33518	69.8879	16.3309	31.4258	29.2779	65.7019	24.279	46.088
NIOZ114_sc493_1	8114	38.8704	14.9484	29.4359	16.7155	38.8414	7.20655	12.5119
NIOZ114_sc516_1	10481	38.201	15.3934	32.4947	15.3053	44.2966	7.50237	12.2843
NIOZ114_sc532_1	4990	34.1209	12.5184	23.1822	14.3903	26.375	7.21219	14.2502
NIOZ114_sc534_1	2924	72.243	16.6611	42.8266	29.9629	106.57	25.619	79.0183
NIOZ114_sc543_1	85529	70.5068	16.1313	29.6451	29.8388	64.5874	24.5367	50.6183
NIOZ114_sc544_1	9738	73.143	16.8403	32.1572	31.4487	93.2943	24.854	52.2694
NIOZ114_sc549_1	4777	58.2533	12.9911	22.991	25.7398	82.6135	19.5224	48.6947
NIOZ114_sc557_1	3744	41.4221	18.207	35.8664	16.9619	52.7574	6.2532	10.2948
NIOZ114_sc562_1	49948	69.7206	15.958	29.2862	29.1549	52.7509	24.6078	50.3867
NIOZ114_sc564_1	17599	68.6685	15.5799	25.5976	30.1515	71.6475	22.9371	40.6361
NIOZ114_sc577_1	7198	34.5525	13.0219	29.3518	14.6684	30.4903	6.86223	10.9685
NIOZ114_sc597_1	48021	20.0766	12.5205	20.0592	5.08949	11.0391	2.46665	8.66347
NIOZ114_sc614_1	12314	77.3929	17.1274	26.0305	31.8308	68.1683	28.4347	60.0885
NIOZ114_sc646_1	17445	73.3169	16.7712	28.9115	31.1868	74.0925	25.3589	47.065
NIOZ114_sc660_1	57344	77.8177	17.6313	33.3904	33.5541	75.9742	26.6323	51.6556
NIOZ114_sc688_1	9982	54.5665	12.1345	29.4932	24.2907	62.6725	18.1414	29.9822
NIOZ114_sc705_1	5462	22.5409	7.05459	9.47271	10.0757	19.8088	5.41058	12.2076
NIOZ114_sc709_1	7011	76.2742	17.7719	31.3026	32.4792	51.5114	26.0232	41.3294
NIOZ114_sc728_1	3427	66.4007	16.3964	50.2026	26.5972	77.2857	23.4074	89.5561
NIOZ114_sc732_1	12040	46.067	18.7928	25.4577	18.432	33.2929	8.8423	20.2639
NIOZ114_sc757_1	2830	18.5209	6.61866	9.45867	8.26418	20.814	3.63806	5.47699
NIOZ114_sc791_1	4645	35.8934	13.2207	20.6904	15.4852	25.199	7.18754	16.2998
NIOZ114_sc807_1	4927	20.0182	4.78103	5.42614	9.50408	30.74	5.7331	13.7394
NIOZ114_sc837_1	7624	74.4623	17.2762	26.6839	30.3317	71.3371	26.8544	65.9088
NIOZ114_sc855_1	28447	22.0121	13.7194	23.1971	5.5995	11.3831	2.69318	6.78955
NIOZ114_sc862_1	7160	40.2899	16.1404	20.548	16.4449	39.9611	7.70457	13.5974
NIOZ114_sc867_1	5680	43.7848	16.9448	23.7473	18.2741	29.8877	8.56582	12.8043
NIOZ114_sc869_1	5072	35.2127	14.8442	32.8504	12.9352	26.3695	7.43336	19.5635
NIOZ114_sc872_1	9778	65.2365	14.4103	20.4394	26.4264	53.5229	24.3999	37.3612
NIOZ114_sc885_1	6118	13.507	10.1962	20.0048	2.34936	4.00299	0.961629	2.32894
NIOZ114_sc890_1	4377	31.6603	12.1126	19.8803	13.264	30.3353	6.28365	17.704
NIOZ114_sc905_1	51480	39.4247	15.2385	32.5148	17.2984	37.149	6.88775	17.9224
NIOZ114_sc925_1	8000	40.7934	15.1725	30.2398	18.1024	37.4941	7.51847	13.675
NIOZ114_sc937_1	13419	14.5038	10.3393	16.2389	3.12503	5.75984	1.03949	3.0939
NIOZ114_sc959_1	3465	56.7104	13.054	23.0564	24.5798	81.3904	19.0766	56.5288
NIOZ114_sc989_1	3445	37.597	15.5005	17.5451	15.1979	31.3902	6.89863	11.4075
NIOZ114_sc1001_1	4730	68.8216	16.4317	28.6926	28.9672	54.3067	23.4227	38.5557
NIOZ114_sc1006_1	5774	28.9682	11.5818	21.439	11.8003	25.432	5.58624	11.2877
NIOZ114_sc1014_1	5394	37.295	13.4847	16.9932	16.9302	60.2061	6.88005	16.8823
NIOZ114_sc1029_1	3960	52.5577	9.08031	12.8081	25.0383	71.0723	18.4391	31.1012
NIOZ114_sc1034_1	6713	44.7539	12.0204	22.3282	18.1199	31.5191	14.6136	21.6721
NIOZ114_sc1057_1	16853	35.5852	14.0903	24.2384	14.3747	25.9037	7.12022	13.4554
NIOZ114_sc1060_1	19879	35.499	13.1496	24.6117	14.8076	26.4962	7.54179	14.8237
NIOZ114_sc1096_1	27204	77.5151	18.6017	35.3472	31.3275	54.523	27.586	35.4462
NIOZ114_sc1098_1	37217	19.6732	11.6981	20.3995	5.60768	11.1505	2.36739	5.87371
NIOZ114_sc1102_1	5883	40.576	16.0049	33.5256	17.0115	35.5253	7.55957	12.3928
NIOZ114_sc1105_1	14960	76.3802	19.1055	26.6036	30.8161	44.7171	26.4587	42.481
NIOZ114_sc1112_1	3858	29.8838	11.0461	16.7842	12.5488	40.3441	6.28884	10.4094
NIOZ114_sc1152_1	3331	44.6162	9.35964	13.8236	17.2386	39.8723	18.0179	29.5169
NIOZ114_sc1166_1	2557	42.9007	19.3415	43.8568	17.6248	30.9529	5.93436	8.96581
NIOZ114_sc1195_1	11304	45.0031	18.124	48.2902	19.0551	49.1914	7.82401	15.5525
NIOZ114_sc1196_1	5902	35.5782	12.5697	16.5422	15.9471	35.2588	7.06137	16.5163
NIOZ114_sc1200_1	3636	38.0103	16.1294	37.5774	14.9489	45.3026	6.93201	19.5848
NIOZ114_sc1202_1	4951	73.3303	16.3868	38.6762	31.2041	78.7	25.7394	80.2449
NIOZ114_sc1209_1	30705	69.1369	16.0472	31.1426	28.686	70.3926	24.4037	48.3528
NIOZ114_sc1212_1	4806	68.846	17.4111	40.9671	26.331	63.153	25.104	69.4382
NIOZ114_sc1225_1	4958	39.6853	14.4709	28.1583	16.6433	36.8876	8.57113	15.5112
NIOZ114_sc1248_1	4134	39.2962	16.3035	44.8641	16.3557	33.1922	6.6373	9.23797
NIOZ114_sc1261_1	123014	78.9956	17.9196	31.2748	33.8219	69.3944	27.2541	49.7652
NIOZ114_sc1262_1	2527	33.2554	15.0921	41.8414	11.1838	32.6502	6.97939	10.8788
NIOZ114_sc1265_1	3523	74.3309	15.9893	54.8321	31.188	166.603	27.1536	138.262
NIOZ114_sc1274_1	4890	40.9576	14.3285	30.9453	17.8068	34.7339	8.82236	14.4779
NIOZ114_sc1283_1	13984	21.2855	13.6216	19.5406	5.08414	18.7669	2.5798	13.2127
NIOZ114_sc1292_1	9502	33.9194	13.8081	46.9598	13.8914	44.4251	6.21995	14.5115
NIOZ114_sc1293_1	13321	19.1315	11.8731	23.9989	4.83927	10.9192	2.41918	13.2164
NIOZ114_sc1303_1	4603	37.132	12.7287	21.1739	16.4743	23.13	7.92904	13.4417
NIOZ114_sc1309_1	3990	34.2839	14.4456	20.2466	13.2333	21.002	6.60495	13.9104
NIOZ114_sc1341_1	4391	39.8701	15.1559	41.4443	17.0882	40.1362	7.62627	15.7378
NIOZ114_sc1365_1	10324	75.2814	16.8166	27.8125	31.9866	74.4105	26.4782	68.746
NIOZ114_sc1373_1	5853	34.5573	12.7575	19.5543	14.6346	31.5297	7.16518	13.033
NIOZ114_sc1375_1	13007	60.5536	14.3995	31.3074	26.5848	52.1022	19.5693	46.3431
NIOZ114_sc1409_1	9360	41.7021	16.4404	37.6331	17.9012	43.3597	7.36048	12.6748
NIOZ114_sc1412_1	10640	40.6612	15.7337	23.8345	17.4865	31.402	7.44109	14.6519
NIOZ114_sc1417_1	7126	31.7507	13.1932	42.2588	12.5228	54.8428	6.03469	21.1385
NIOZ114_sc1429_1	4362	67.4449	16.4528	36.1843	27.9668	57.362	23.0254	29.962
NIOZ114_sc1431_1	11556	31.242	14.8048	125.719	10.803	113.716	5.63423	21.9818
NIOZ114_sc1436_1	25123	32.7481	21.9685	89.771	7.69591	28.0393	3.08373	10.6248
NIOZ114_sc1444_1	24281	70.5552	16.1215	26.2433	30.8889	61.1796	23.5448	40.7362
NIOZ114_sc1463_1	6608	41.7227	10.7882	35.5327	16.9074	62.0111	14.0271	30.5121
NIOZ114_sc1479_1	22969	22.6711	13.348	28.0811	6.43687	21.1905	2.88624	14.0059
NIOZ114_sc1482_1	3861	52.1679	11.6516	34.6996	21.9607	76.6389	18.5556	57.8034
NIOZ114_sc1484_1	25357	43.4432	16.6528	47.108	18.3397	62.7902	8.45071	21.157
NIOZ114_sc1493_1	10457	67.1988	15.5253	29.6442	28.3623	77.313	23.3112	51.7152
NIOZ114_sc1501_1	4420	34.9998	14.0614	18.4576	15.403	26.8863	5.53536	6.65032
NIOZ114_sc1528_1	14867	72.934	17.9603	28.7842	28.2404	81.7483	26.7334	54.7238
NIOZ114_sc1531_1	2664	15.4391	4.42959	3.70555	6.82776	23.8188	4.18218	5.56169
NIOZ114_sc1538_1	80823	21.1094	12.6122	25.9988	5.62586	22.3297	2.87137	15.1223
NIOZ114_sc1572_1	5806	36.2963	13.622	21.9673	16.9807	37.2147	5.6936	14.5657
NIOZ114_sc1596_1	21336	33.2281	12.2684	22.2729	13.8298	31.3371	7.12985	15.7826
NIOZ114_sc1625_1	4306	16.0669	5.98797	9.31014	5.9988	9.19781	4.08013	5.21489
NIOZ114_sc1654_1	6406	38.3269	15.5798	27.2379	15.0181	34.8906	7.72906	15.6466
NIOZ114_sc1661_1	118443	74.7417	17.1635	28.7636	31.4162	64.9671	26.162	46.3846
NIOZ114_sc1668_1	14064	36.256	14.2261	30.8566	14.8251	36.4308	7.20476	17.3339
NIOZ114_sc1672_1	13748	35.4776	13.5266	27.2877	14.6393	34.7071	7.31166	16.5678
NIOZ114_sc1673_1	36156	19.358	12.273	30.6549	4.75868	18.9652	2.32631	10.5724
NIOZ114_sc1694_1	24160	13.8919	9.63628	14.8376	3.29913	7.13721	0.956476	1.75432
NIOZ114_sc1748_1	10357	37.4215	12.9344	28.9291	17.3955	37.6472	7.0916	14.4018
NIOZ114_sc1753_1	4620	65.4063	15.2492	40.8444	27.4772	97.624	22.6799	71.2906
NIOZ114_sc1807_1	17929	40.9756	15.4437	34.1587	17.1131	39.7762	8.41887	15.9395
NIOZ114_sc1808_1	16262	72.3304	19.3196	48.1596	28.0187	54.5458	24.992	43.4964
NIOZ114_sc1828_1	6613	34.9106	13.4657	23.4822	15.3749	31.8247	6.06994	10.5726
NIOZ114_sc1857_1	5715	43.3862	16.7784	32.8157	20.2855	47.8391	6.32219	8.71106
NIOZ114_sc1869_1	2939	27.142	12.953	52.1512	8.85371	17.3746	5.33525	6.71652
NIOZ114_sc1871_1	16836	19.8392	12.2029	18.1199	5.06838	9.8968	2.5679	6.57845
NIOZ114_sc1885_1	21891	64.6827	14.859	26.724	27.1347	47.1129	22.689	42.4276
NIOZ114_sc1888_1	5233	36.8375	14.275	23.2625	15.6829	39.7049	6.8796	16.2365
NIOZ114_sc1890_1	3997	43.2745	14.5121	25.219	20.9361	45.8098	7.82636	14.6817
NIOZ114_sc1891_1	6983	24.2317	8.28787	11.0204	10.9293	16.7228	5.01449	7.59368
NIOZ114_sc1904_1	58510	77.2676	17.4229	30.6691	32.3904	65.9213	27.4544	41.3079
NIOZ114_sc1929_1	6834	41.3966	16.6812	28.5893	18.0992	31.9386	6.61625	13.9832
NIOZ114_sc1956_1	61070	70.0785	15.7811	30.2823	29.4267	59.7562	24.8706	46.1003
NIOZ114_sc1980_1	53839	73.3684	16.1946	29.3922	30.8253	61.6321	26.3485	49.3781
NIOZ114_sc2006_1	14029	36.4259	13.8211	25.8292	16.4603	32.9401	6.14446	12.592
NIOZ114_sc2009_1	138507	23.1807	14.0743	28.6498	6.09558	20.4574	3.01073	16.5684
NIOZ114_sc2024_1	3147	23.9049	5.92826	4.77418	8.31164	7.82948	9.665	11.7214
NIOZ114_sc2029_1	19358	35.2095	12.7546	25.3357	14.8306	32.6536	7.62438	18.8822
NIOZ114_sc2054_1	6312	32.0763	10.945	23.6665	13.834	26.0449	7.29731	18.145
NIOZ114_sc2082_1	4415	76.5597	16.8877	49.1837	31.9583	102.331	27.7137	131.728
NIOZ114_sc2093_1	14841	33.6154	12.5785	22.9428	15.0189	28.8333	6.01797	13.3735
NIOZ114_sc2146_1	7081	43.5296	16.666	34.8841	16.9169	40.3794	9.94691	18.3939
NIOZ114_sc2163_1	10498	37.4446	13.5669	37.9786	16.2731	60.0114	7.60466	19.4446
NIOZ114_sc2165_1	16998	37.6965	14.9211	27.3392	15.8181	35.4011	6.95738	13.0588
NIOZ114_sc2177_1	9252	70.3588	17.4544	27.0003	30.3754	70.7813	22.529	33.0441
NIOZ114_sc2205_1	16904	67.6142	14.3809	30.7986	29.9028	66.0762	23.3304	38.4373
NIOZ114_sc2222_1	3022	61.0644	13.8931	58.1687	26.2006	146.642	20.9708	68.3876
NIOZ114_sc2232_1	10541	45.3345	10.7751	17.0746	18.8305	32.1853	15.7289	19.2345
NIOZ114_sc2254_1	3167	42.3905	10.9311	24.6519	17.642	21.1265	13.8174	19.2847
NIOZ114_sc2262_1	17321	20.7623	12.4088	28.8496	5.77316	19.4024	2.58034	18.8626
NIOZ114_sc2292_1	3597	75.7322	16.716	21.9769	32.6907	56.7455	26.3258	61.2264
NIOZ114_sc2299_1	4369	33.4778	13.5383	44.8321	12.9507	58.4468	6.98886	82.6341
NIOZ114_sc2306_1	3134	80.9786	44.7229	314.525	24.689	114.312	11.5667	44.5926
NIOZ114_sc2311_1	2557	18.531	6.28542	9.35947	6.61155	8.80709	5.63398	17.0284
NIOZ114_sc2315_1	2564	31.8898	12.9205	32.0193	12.7896	27.4685	6.17978	11.9197
NIOZ114_sc2334_1	57613	20.3306	12.1834	21.5585	5.60957	15.4183	2.53769	8.03322
NIOZ114_sc2359_1	14645	38.9824	15.0024	25.4815	16.9301	34.9426	7.04988	14.6072
NIOZ114_sc2372_1	3907	55.8155	14.3564	47.0734	21.8635	83.7192	19.5957	57.0864
NIOZ114_sc2391_1	82847	75.0182	16.9448	29.7975	31.9643	73.5223	26.1091	41.4563
NIOZ114_sc2420_1	20061	39.7876	16.0287	29.2476	16.7384	38.3603	7.02054	13.542
NIOZ114_sc2437_1	3234	33.4377	12.7432	16.8634	15.1654	27.2615	5.52918	6.97117
NIOZ114_sc2500_1	3643	35.5697	12.8686	27.9365	15.418	33.3602	7.28314	17.717
NIOZ114_sc2541_1	17554	37.038	13.9623	34.1314	15.8661	29.7774	7.20966	14.2528
NIOZ114_sc2561_1	14071	26.0463	14.6986	702.439	7.12298	397.197	4.2247	180.223
NIOZ114_sc2597_1	3497	56.9244	9.74903	15.68	23.1652	58.0082	24.0102	41.3822
NIOZ114_sc2612_1	3125	36.6497	13.7983	32.7434	17.1385	62.5278	5.71294	17.8105
NIOZ114_sc2648_1	6066	42.9084	16.9249	30.644	18.6246	35.0623	7.35886	12.6411
NIOZ114_sc2701_1	2708	22.5336	6.01603	10.5562	11.769	33.792	4.74902	12.5686
NIOZ114_sc2705_1	12999	64.227	14.5464	27.0764	26.5555	57.3849	23.1251	44.1542
NIOZ114_sc2713_1	6191	37.3955	14.6668	18.8606	16.9882	41.119	5.74044	11.2598
NIOZ114_sc2736_1	3206	35.6688	13.4339	22.4788	15.6417	26.2092	6.59326	12.7226
NIOZ114_sc2755_1	8252	36.1824	15.0185	22.8668	14.7134	24.6631	6.45051	8.69378
NIOZ114_sc2796_1	7478	70.1195	15.8761	31.1407	29.6704	116.237	24.573	42.6489
NIOZ114_sc2820_1	14025	60.2188	15.3777	30.6619	24.5134	93.4531	20.3277	64.0282
NIOZ114_sc2824_1	14362	65.3538	14.0977	23.9434	29.268	67.5368	21.988	56.5061
NIOZ114_sc2831_1	4616	34.8905	13.9004	35.3304	14.5945	41.3493	6.39566	22.4765
NIOZ114_sc2857_1	10742	70.2687	16.8298	29.6839	27.9219	52.6525	25.517	47.0882
NIOZ114_sc2859_1	5888	32.1398	10.813	32.8387	14.1945	41.323	7.13245	38.5537
NIOZ114_sc2881_1	6813	42.3578	16.9467	35.479	17.7563	45.5574	7.65481	21.7079
NIOZ114_sc2896_1	25510	43.508	17.0324	32.8068	19.0146	39.1697	7.46104	13.3562
NIOZ114_sc2921_1	14282	29.3237	12.4434	44.2816	11.9853	37.9603	4.89506	14.1721
NIOZ114_sc3004_1	8269	65.6221	16.295	30.3046	27.6341	98.9595	21.6931	66.6793
NIOZ114_sc3018_1	29018	72.7277	16.3671	32.5359	31.2747	76.9695	25.0859	50.4286
NIOZ114_sc3022_1	19276	19.7068	12.427	20.4591	4.94719	12.3899	2.33264	8.72234
NIOZ114_sc3047_1	38557	73.1428	16.4103	57.9048	30.9862	135.88	25.7463	74.5132
NIOZ114_sc3087_1	12247	37.0781	15.6944	25.1386	15.6049	36.4913	5.77887	13.9182
NIOZ114_sc3097_1	18529	69.3829	15.3107	30.367	28.7653	57.9743	25.3069	55.9114
NIOZ114_sc3120_1	22846	65.9093	14.2068	29.6352	28.0385	63.4369	23.6639	55.9462
NIOZ114_sc3167_1	2613	38.8352	12.5834	19.9432	17.3256	52.8044	8.92611	25.6337
NIOZ114_sc3169_1	19767	19.8994	12.8981	24.4323	4.7417	10.1908	2.25957	3.75821
NIOZ114_sc3208_1	14437	47.8803	11.4478	29.4654	19.2366	47.199	17.1959	44.4402
NIOZ114_sc3254_1	6182	37.2682	14.4539	46.1302	15.1112	58.6263	7.70308	25.9871
NIOZ114_sc3256_1	28506	74.2868	16.0194	41.2797	31.2756	77.3625	26.9918	54.0241
NIOZ114_sc3266_1	6870	33.5106	13.8318	19.4173	14.7423	26.6599	4.93646	9.71702
NIOZ114_sc3311_1	10281	35.5219	14.0339	25.5521	15.4181	36.4771	6.06988	12.0227
NIOZ114_sc3332_1	10102	71.3024	16.041	24.8741	30.9104	78.7093	24.351	39.2769
NIOZ114_sc3334_1	84327	70.7442	16.1132	27.7314	29.739	66.4117	24.8919	49.0817
NIOZ114_sc3361_1	25059	31.1658	12.9336	29.8397	13.4289	42.0589	4.80332	19.9155
NIOZ114_sc3364_1	3128	30.6206	12.7945	20.6282	10.7549	31.5342	7.07119	10.0829
NIOZ114_sc3390_1	4633	20.0531	12.658	25.8681	4.75619	9.57079	2.63886	4.24729
NIOZ114_sc3397_1	5823	40.7601	15.458	21.1674	17.3418	28.6872	7.96034	8.97064
NIOZ114_sc3403_1	5204	65.4933	13.8182	23.1826	26.22	41.2317	25.4551	73.9884
NIOZ114_sc3408_1	56846	36.4771	13.8267	29.0222	15.6757	38.3537	6.97472	16.3723
NIOZ114_sc3410_1	3083	34.775	15.2768	66.2351	14.2659	49.088	5.23219	12.9901
NIOZ114_sc3417_1	5702	55.6979	13.9798	36.0494	23.7079	104.191	18.0103	67.9725
NIOZ114_sc3431_1	40569	66.6342	15.6623	28.2156	27.7842	49.6012	23.1876	45.1143
NIOZ114_sc3436_1	39051	65.1562	15.0591	31.5526	28.1727	52.1605	21.9243	39.624
NIOZ114_sc3439_1	26149	31.9956	11.8886	24.0457	14.1675	30.4832	5.93954	12.837
NIOZ114_sc3441_1	45800	72.9909	16.3685	24.6369	30.4672	58.0385	26.1551	49.4779
NIOZ114_sc3447_1	10065	24.6786	13.9431	28.3448	7.24226	28.0361	3.49319	27.1118
NIOZ114_sc3470_1	7942	21.7976	15.1779	27.5894	4.52323	8.05879	2.09651	4.01744
NIOZ114_sc3474_1	39511	68.5208	15.4347	28.1212	29.8602	55.7391	23.2259	35.8442
NIOZ114_sc3478_1	27634	72.6577	16.2916	32.0499	32.1591	71.1376	24.2071	42.7686
NIOZ114_sc3517_1	19032	80.0665	17.7766	51.4646	33.465	122.315	28.8249	79.3679
NIOZ114_sc3585_1	3265	38.1583	13.1653	21.2851	17.3332	17.747	7.65971	16.2022
NIOZ114_sc3597_1	18286	21.6929	13.5824	28.0555	5.37313	11.6362	2.73737	5.20918
NIOZ114_sc3604_1	4368	38.7677	14.8943	28.2701	15.1534	32.5969	8.72001	15.3862
NIOZ114_sc3611_1	6732	66.4954	14.6205	22.2849	27.728	71.6929	24.1469	47.8236
NIOZ114_sc3615_1	8326	39.2625	15.6043	32.1244	16.2592	28.5455	7.39897	15.0615
NIOZ114_sc3617_1	3379	54.4029	12.2654	22.9681	24.3469	57.1169	17.7906	54.3321
NIOZ114_sc3636_1	2872	35.5327	11.7531	9.61486	16.6345	35.4567	7.14548	16.4588
NIOZ114_sc3679_1	8236	18.1696	11.3953	18.4421	4.47007	10.9223	2.30423	5.83128
NIOZ114_sc3699_1	2952	38.4375	13.7873	10.3824	16.8626	28.9875	7.78765	14.4908
NIOZ114_sc3740_1	42844	21.7049	12.9792	41.6146	5.80168	61.6878	2.92395	28.3376
NIOZ114_sc3742_1	2511	37.7056	15.316	36.0849	16.5108	64.5237	5.87886	15.4541
NIOZ114_sc3743_1	3788	37.5739	16.3205	44.2408	15.4032	50.7256	5.85047	16.8864
NIOZ114_sc3753_1	4809	35.8974	12.4935	23.3745	14.9154	32.0645	8.48852	21.5923
NIOZ114_sc3793_1	3353	38.2142	16.8773	39.5069	16.0016	38.2465	5.33531	10.7051
NIOZ114_sc3817_1	6080	43.9567	10.0253	11.6008	17.6351	34.4801	16.2963	21.4667
NIOZ114_sc3822_1	17347	43.7043	16.6026	39.9744	20.1507	41.2986	6.95092	13.2054
NIOZ114_sc3827_1	6305	68.6759	18.3532	58.1989	29.3035	148.678	21.0192	86.8903
NIOZ114_sc3828_1	3245	25.3651	12.158	42.7144	9.1567	21.0055	4.0504	6.2276
NIOZ114_sc3839_1	34941	21.4459	13.4738	28.2842	5.38872	15.3018	2.58343	17.5091
NIOZ114_sc3840_1	11854	66.6755	14.289	22.4578	28.8589	51.8585	23.5277	42.3634
NIOZ114_sc3845_1	3039	34.6878	12.3202	21.1207	15.1457	32.0517	7.22188	19.2537
NIOZ114_sc3855_1	3399	41.5466	15.0905	20.4467	18.4481	42.0692	8.008	11.7203
NIOZ114_sc3889_1	16565	75.9382	17.5717	28.8857	33.6097	90.367	24.7567	57.4467
NIOZ114_sc3918_1	11117	57.2488	13.2404	25.8742	23.8002	60.1042	20.2082	37.7162
NIOZ114_sc3927_1	57694	66.4573	15.2018	25.9302	27.5107	58.5776	23.7448	47.2401
NIOZ114_sc3930_1	11768	42.4041	15.4428	31.0246	18.4404	46.5609	8.52092	18.2495
NIOZ114_sc3957_1	64444	22.2439	13.5841	27.254	5.65174	13.5537	3.00806	13.4246
NIOZ114_sc4036_1	2530	24.0866	10.4987	26.7999	9.55882	31.4421	4.02899	8.54169
NIOZ114_sc4069_1	2567	30.0501	11.9636	20.4068	10.9905	16.5525	7.09599	13.855
NIOZ114_sc4080_1	7086	42.2533	17.5136	47.8907	16.7806	65.2918	7.95934	20.2273
NIOZ114_sc4148_1	8001	35.0743	12.9344	29.0633	16.2076	35.3279	5.93224	13.8285
NIOZ114_sc4160_1	4377	59.3466	13.7582	31.8125	24.7104	158.98	20.8779	90.9798
NIOZ114_sc4172_1	6493	27.4214	14.4778	33.8872	9.40438	21.9116	3.53918	5.24417
NIOZ114_sc4194_1	54789	68.7252	15.6031	28.9187	28.7758	58.7856	24.3463	43.6904
NIOZ114_sc4203_1	29281	18.1	10.9753	17.0473	4.96245	8.19943	2.16223	5.52128
NIOZ114_sc4226_1	10370	16.1518	11.4051	21.1366	3.79335	6.60835	0.953327	1.99154
NIOZ114_sc4236_1	7464	93.0375	21.2503	182.805	39.7058	457.675	32.0814	251.286
NIOZ114_sc4246_1	5690	37.4576	14.9581	21.8342	15.9278	35.2357	6.57166	14.1257
NIOZ114_sc4257_1	4142	31.6495	13.6954	23.9768	12.7996	46.5327	5.15456	9.49121
NIOZ114_sc4264_1	3028	37.7665	9.93433	17.8457	14.2008	17.8823	13.6317	21.4889
NIOZ114_sc4306_1	7734	18.5877	10.9271	14.8657	5.24644	9.45347	2.41416	5.99653
NIOZ114_sc4324_1	8631	19.3766	11.3476	33.2574	4.86994	21.1982	3.15906	66.8377
NIOZ114_sc4339_1	103996	23.1186	14.0362	24.6969	5.93543	15.6913	3.147	11.0979
NIOZ114_sc4341_1	3555	37.7389	12.5137	22.884	16.9724	55.8656	8.25286	28.9586
NIOZ114_sc4361_1	3332	40.67	15.0119	40.0482	17.5295	43.9758	8.12854	14.862
NIOZ114_sc4369_1	11746	38.6695	15.4441	27.3057	16.4328	32.7605	6.7926	11.0948
NIOZ114_sc4372_1	67624	21.7761	13.9604	23.8684	5.19876	13.2627	2.61689	13.4655
NIOZ114_sc4377_1	12407	66.9902	14.847	28.0661	27.901	54.9071	24.2422	73.9999
NIOZ114_sc4398_1	115107	66.6209	15.2595	24.7074	27.9388	62.1494	23.4225	39.2834
NIOZ114_sc4402_1	17650	73.5048	15.0682	32.6073	32.7306	78.865	25.7061	58.7544
NIOZ114_sc4438_1	7830	68.1591	15.2779	28.812	29.3288	100.122	23.5525	64.9824
NIOZ114_sc4442_1	17631	16.2956	11.5491	20.6562	3.74693	5.9416	0.999542	3.28171
NIOZ114_sc4443_1	16955	71.4589	16.5112	33.4164	29.6315	68.3318	25.3162	55.5266
NIOZ114_sc4467_1	14541	67.5162	15.9704	32.4354	28.3707	60.8735	23.175	34.1671
NIOZ114_sc4486_1	2645	57.6541	12.2064	25.9563	25.2954	78.3628	20.1523	47.2712
NIOZ114_sc4489_1	11350	43.6356	17.3049	31.564	18.2767	32.4213	8.05402	14.6495
NIOZ114_sc4498_1	3174	37.9845	14.209	23.8944	16.5344	58.3496	7.24107	13.4736
NIOZ114_sc4500_1	3003	32.1469	11.9257	15.789	13.7939	37.6285	6.42727	11.7617
NIOZ114_sc4523_1	8069	43.0003	15.7932	32.7637	17.3682	35.7303	9.83887	18.9081
NIOZ114_sc4528_1	56177	70.5729	15.643	24.9428	30.8997	62.707	24.0301	43.7834
NIOZ114_sc4540_1	71285	74.281	16.872	37.9475	31.295	80.6728	26.114	61.2694
NIOZ114_sc4546_1	3903	45.8548	19.0496	37.2313	16.9166	27.718	9.88862	21.1667
NIOZ114_sc4579_1	6296	50.3368	20.8492	46.6126	20.6331	50.1005	8.85454	17.0545
NIOZ114_sc4591_1	11593	22.7281	13.5037	48.4362	6.11658	42.2346	3.10784	23.7112
NIOZ114_sc4598_1	9151	62.209	15.2003	29.8428	24.3541	49.2979	22.6546	30.6403
NIOZ114_sc4600_1	4407	37.2401	15.2784	31.9492	14.405	35.3594	7.55673	10.9203
NIOZ114_sc4625_1	2592	35.7412	14.654	46.4327	14.3575	51.412	6.72973	28.2694
NIOZ114_sc4639_1	10574	41.8373	16.8769	41.0336	17.9209	38.9679	7.03952	15.81
NIOZ114_sc4652_1	16207	41.4273	15.9811	41.4689	17.402	47.4297	8.04416	15.2427
NIOZ114_sc4657_1	5584	32.1504	12.9198	36.7355	14.5723	31.6681	4.65826	9.91596
NIOZ114_sc4679_1	6639	40.5391	15.2513	23.1546	17.286	39.2817	8.0017	13.0766
NIOZ114_sc4701_1	14952	37.2313	15.0928	32.557	15.3226	32.9948	6.8159	16.0249
NIOZ114_sc4703_1	22368	63.2383	14.4544	28.1866	27.0977	62.1862	21.6862	47.6525
NIOZ114_sc4710_1	7210	33.9232	12.5183	18.7651	14.465	29.5777	6.93994	17.3481
NIOZ114_sc4726_1	5933	38.3061	15.8907	45.6697	15.4216	34.321	6.99377	19.0095
NIOZ114_sc4735_1	7001	18.6237	12.1344	19.7956	3.926	10.1868	2.56328	13.6198
NIOZ114_sc4791_1	8618	39.2899	15.5273	34.304	15.3513	33.6196	8.41131	17.1924
NIOZ114_sc4839_1	4828	34.4767	12.2732	27.6096	15.8236	33.8809	6.37986	12.146
NIOZ114_sc4840_1	3512	45.2267	17.5247	32.3205	19.4143	32.9906	8.28792	15.1202
NIOZ114_sc4869_1	48877	73.8494	16.4188	48.3155	32.1799	155.829	25.2506	100.139
NIOZ114_sc4927_1	46067	20.3903	12.5582	22.9884	5.22728	13.9502	2.60483	10.7854
NIOZ114_sc4955_1	8582	65.4854	15.046	28.9992	28.1503	52.3446	22.2891	35.0635
NIOZ114_sc4961_1	16672	65.5844	14.0335	29.1917	27.6613	83.3962	23.8895	65.4617
NIOZ114_sc4963_1	5075	61.5976	13.8845	28.671	26.8264	71.9184	20.8867	43.7256
NIOZ114_sc4965_1	3235	38.2438	14.6567	17.9342	17.1261	32.0985	6.46094	12.9244
NIOZ114_sc4968_1	11657	40.784	16.3474	37.9896	16.6778	38.0599	7.75893	19.1825
NIOZ114_sc4969_1	4663	42.9357	14.6433	29.3658	20.3926	40.423	7.89985	23.2036
NIOZ114_sc4998_1	5720	65.0377	12.5592	22.776	27.0905	68.5017	25.388	90.3769
NIOZ114_sc5027_1	81638	69.9993	15.9782	32.3494	29.5774	63.1488	24.4437	44.591
NIOZ114_sc5043_1	47118	72.6316	15.8921	32.4414	32.1456	59.479	24.5939	45.1445
NIOZ114_sc5056_1	3466	53.497	12.1098	14.4982	23.5293	44.0094	17.858	49.0084
NIOZ114_sc5069_1	3507	42.7093	16.5368	34.71	19.8436	57.6053	6.32887	10.7303
NIOZ114_sc5159_1	5960	71.5067	16.1308	242.023	31.4707	328.394	23.9052	83.8882
NIOZ114_sc5231_1	2653	37.5973	5.19856	3.78427	15.4583	53.9427	16.9405	61.6633
NIOZ114_sc5237_1	3302	39.4515	17.9708	60.8345	13.8997	33.6379	7.5809	8.75261
NIOZ114_sc5245_1	4253	38.0188	14.0736	17.2232	16.5067	37.6725	7.43846	7.94651
NIOZ114_sc5267_1	27387	75.1357	17.1025	33.7874	32.8339	58.7104	25.1993	46.846
NIOZ114_sc5270_1	4014	38.2433	14.2301	31.7925	16.648	35.5581	7.36517	11.6612
NIOZ114_sc5310_1	4848	34.7776	12.2542	16.5811	15.8221	33.2431	6.70136	13.0658
NIOZ114_sc5324_1	5730	33.4842	13.3271	29.6733	15.4416	27.2774	4.71559	7.33586
