NIOZ114_sc48_1	14.6828	24.3383	21.6096
NIOZ114_sc51_1	14.2192	18.6377	8.28915
NIOZ114_sc85_1	15.689	16.6377	7.97406
NIOZ114_sc96_1	16.024	18.9843	8.52865
NIOZ114_sc105_1	11.6134	14.2919	7.60007
NIOZ114_sc126_1	13.5033	14.6742	7.44458
NIOZ114_sc137_1	15.4561	17.0566	5.63952
NIOZ114_sc146_1	15.8351	12.2764	5.92865
NIOZ114_sc152_1	13.9196	14.3198	5.83979
NIOZ114_sc159_1	18.9339	18.8822	7.39148
NIOZ114_sc202_1	16.1033	15.7042	6.99026
NIOZ114_sc228_1	13.3985	15.5237	6.56082
NIOZ114_sc282_1	12.8445	13.4755	6.48888
NIOZ114_sc284_1	12.4045	15.7658	5.37857
NIOZ114_sc294_1	17.0269	31.4628	22.6593
NIOZ114_sc297_1	14.4927	15.2378	7.00501
NIOZ114_sc313_1	13.4985	26.7547	24.4222
NIOZ114_sc318_1	11.0032	21.5284	21.7881
NIOZ114_sc344_1	13.763	15.9988	7.18952
NIOZ114_sc378_1	16.7188	17.9189	7.74238
NIOZ114_sc392_1	16.8262	16.6791	7.89004
NIOZ114_sc405_1	16.6502	19.4534	7.32181
NIOZ114_sc419_1	15.975	25.5941	21.4277
NIOZ114_sc422_1	12.1913	14.1686	7.00291
NIOZ114_sc424_1	15.852	16.3348	7.14473
NIOZ114_sc431_1	16.38	34.184	24.6136
NIOZ114_sc447_1	11.7028	13.4832	6.25974
NIOZ114_sc464_1	12.0064	5.16162	2.59854
NIOZ114_sc467_1	10.7096	4.12313	1.81039
NIOZ114_sc477_1	14.3088	15.3303	8.15555
NIOZ114_sc492_1	16.3309	29.2779	24.279
NIOZ114_sc493_1	14.9484	16.7155	7.20655
NIOZ114_sc516_1	15.3934	15.3053	7.50237
NIOZ114_sc532_1	12.5184	14.3903	7.21219
NIOZ114_sc534_1	16.6611	29.9629	25.619
NIOZ114_sc543_1	16.1313	29.8388	24.5367
NIOZ114_sc544_1	16.8403	31.4487	24.854
NIOZ114_sc549_1	12.9911	25.7398	19.5224
NIOZ114_sc557_1	18.207	16.9619	6.2532
NIOZ114_sc562_1	15.958	29.1549	24.6078
NIOZ114_sc564_1	15.5799	30.1515	22.9371
NIOZ114_sc577_1	13.0219	14.6684	6.86223
NIOZ114_sc597_1	12.5205	5.08949	2.46665
NIOZ114_sc614_1	17.1274	31.8308	28.4347
NIOZ114_sc646_1	16.7712	31.1868	25.3589
NIOZ114_sc660_1	17.6313	33.5541	26.6323
NIOZ114_sc688_1	12.1345	24.2907	18.1414
NIOZ114_sc705_1	7.05459	10.0757	5.41058
NIOZ114_sc709_1	17.7719	32.4792	26.0232
NIOZ114_sc728_1	16.3964	26.5972	23.4074
NIOZ114_sc732_1	18.7928	18.432	8.8423
NIOZ114_sc757_1	6.61866	8.26418	3.63806
NIOZ114_sc791_1	13.2207	15.4852	7.18754
NIOZ114_sc807_1	4.78103	9.50408	5.7331
NIOZ114_sc837_1	17.2762	30.3317	26.8544
NIOZ114_sc855_1	13.7194	5.5995	2.69318
NIOZ114_sc862_1	16.1404	16.4449	7.70457
NIOZ114_sc867_1	16.9448	18.2741	8.56582
NIOZ114_sc869_1	14.8442	12.9352	7.43336
NIOZ114_sc872_1	14.4103	26.4264	24.3999
NIOZ114_sc885_1	10.1962	2.34936	0.961629
NIOZ114_sc890_1	12.1126	13.264	6.28365
NIOZ114_sc905_1	15.2385	17.2984	6.88775
NIOZ114_sc925_1	15.1725	18.1024	7.51847
NIOZ114_sc937_1	10.3393	3.12503	1.03949
NIOZ114_sc959_1	13.054	24.5798	19.0766
NIOZ114_sc989_1	15.5005	15.1979	6.89863
NIOZ114_sc1001_1	16.4317	28.9672	23.4227
NIOZ114_sc1006_1	11.5818	11.8003	5.58624
NIOZ114_sc1014_1	13.4847	16.9302	6.88005
NIOZ114_sc1029_1	9.08031	25.0383	18.4391
NIOZ114_sc1034_1	12.0204	18.1199	14.6136
NIOZ114_sc1057_1	14.0903	14.3747	7.12022
NIOZ114_sc1060_1	13.1496	14.8076	7.54179
NIOZ114_sc1096_1	18.6017	31.3275	27.586
NIOZ114_sc1098_1	11.6981	5.60768	2.36739
NIOZ114_sc1102_1	16.0049	17.0115	7.55957
NIOZ114_sc1105_1	19.1055	30.8161	26.4587
NIOZ114_sc1112_1	11.0461	12.5488	6.28884
NIOZ114_sc1152_1	9.35964	17.2386	18.0179
NIOZ114_sc1166_1	19.3415	17.6248	5.93436
NIOZ114_sc1195_1	18.124	19.0551	7.82401
NIOZ114_sc1196_1	12.5697	15.9471	7.06137
NIOZ114_sc1200_1	16.1294	14.9489	6.93201
NIOZ114_sc1202_1	16.3868	31.2041	25.7394
NIOZ114_sc1209_1	16.0472	28.686	24.4037
NIOZ114_sc1212_1	17.4111	26.331	25.104
NIOZ114_sc1225_1	14.4709	16.6433	8.57113
NIOZ114_sc1248_1	16.3035	16.3557	6.6373
NIOZ114_sc1261_1	17.9196	33.8219	27.2541
NIOZ114_sc1262_1	15.0921	11.1838	6.97939
NIOZ114_sc1265_1	15.9893	31.188	27.1536
NIOZ114_sc1274_1	14.3285	17.8068	8.82236
NIOZ114_sc1283_1	13.6216	5.08414	2.5798
NIOZ114_sc1292_1	13.8081	13.8914	6.21995
NIOZ114_sc1293_1	11.8731	4.83927	2.41918
NIOZ114_sc1303_1	12.7287	16.4743	7.92904
NIOZ114_sc1309_1	14.4456	13.2333	6.60495
NIOZ114_sc1341_1	15.1559	17.0882	7.62627
NIOZ114_sc1365_1	16.8166	31.9866	26.4782
NIOZ114_sc1373_1	12.7575	14.6346	7.16518
NIOZ114_sc1375_1	14.3995	26.5848	19.5693
NIOZ114_sc1409_1	16.4404	17.9012	7.36048
NIOZ114_sc1412_1	15.7337	17.4865	7.44109
NIOZ114_sc1417_1	13.1932	12.5228	6.03469
NIOZ114_sc1429_1	16.4528	27.9668	23.0254
NIOZ114_sc1431_1	14.8048	10.803	5.63423
NIOZ114_sc1436_1	21.9685	7.69591	3.08373
NIOZ114_sc1444_1	16.1215	30.8889	23.5448
NIOZ114_sc1463_1	10.7882	16.9074	14.0271
NIOZ114_sc1479_1	13.348	6.43687	2.88624
NIOZ114_sc1482_1	11.6516	21.9607	18.5556
NIOZ114_sc1484_1	16.6528	18.3397	8.45071
NIOZ114_sc1493_1	15.5253	28.3623	23.3112
NIOZ114_sc1501_1	14.0614	15.403	5.53536
NIOZ114_sc1528_1	17.9603	28.2404	26.7334
NIOZ114_sc1531_1	4.42959	6.82776	4.18218
NIOZ114_sc1538_1	12.6122	5.62586	2.87137
NIOZ114_sc1572_1	13.622	16.9807	5.6936
NIOZ114_sc1596_1	12.2684	13.8298	7.12985
NIOZ114_sc1625_1	5.98797	5.9988	4.08013
NIOZ114_sc1654_1	15.5798	15.0181	7.72906
NIOZ114_sc1661_1	17.1635	31.4162	26.162
NIOZ114_sc1668_1	14.2261	14.8251	7.20476
NIOZ114_sc1672_1	13.5266	14.6393	7.31166
NIOZ114_sc1673_1	12.273	4.75868	2.32631
NIOZ114_sc1694_1	9.63628	3.29913	0.956476
NIOZ114_sc1748_1	12.9344	17.3955	7.0916
NIOZ114_sc1753_1	15.2492	27.4772	22.6799
NIOZ114_sc1807_1	15.4437	17.1131	8.41887
NIOZ114_sc1808_1	19.3196	28.0187	24.992
NIOZ114_sc1828_1	13.4657	15.3749	6.06994
NIOZ114_sc1857_1	16.7784	20.2855	6.32219
NIOZ114_sc1869_1	12.953	8.85371	5.33525
NIOZ114_sc1871_1	12.2029	5.06838	2.5679
NIOZ114_sc1885_1	14.859	27.1347	22.689
NIOZ114_sc1888_1	14.275	15.6829	6.8796
NIOZ114_sc1890_1	14.5121	20.9361	7.82636
NIOZ114_sc1891_1	8.28787	10.9293	5.01449
NIOZ114_sc1904_1	17.4229	32.3904	27.4544
NIOZ114_sc1929_1	16.6812	18.0992	6.61625
NIOZ114_sc1956_1	15.7811	29.4267	24.8706
NIOZ114_sc1980_1	16.1946	30.8253	26.3485
NIOZ114_sc2006_1	13.8211	16.4603	6.14446
NIOZ114_sc2009_1	14.0743	6.09558	3.01073
NIOZ114_sc2024_1	5.92826	8.31164	9.665
NIOZ114_sc2029_1	12.7546	14.8306	7.62438
NIOZ114_sc2054_1	10.945	13.834	7.29731
NIOZ114_sc2082_1	16.8877	31.9583	27.7137
NIOZ114_sc2093_1	12.5785	15.0189	6.01797
NIOZ114_sc2146_1	16.666	16.9169	9.94691
NIOZ114_sc2163_1	13.5669	16.2731	7.60466
NIOZ114_sc2165_1	14.9211	15.8181	6.95738
NIOZ114_sc2177_1	17.4544	30.3754	22.529
NIOZ114_sc2205_1	14.3809	29.9028	23.3304
NIOZ114_sc2222_1	13.8931	26.2006	20.9708
NIOZ114_sc2232_1	10.7751	18.8305	15.7289
NIOZ114_sc2254_1	10.9311	17.642	13.8174
NIOZ114_sc2262_1	12.4088	5.77316	2.58034
NIOZ114_sc2292_1	16.716	32.6907	26.3258
NIOZ114_sc2299_1	13.5383	12.9507	6.98886
NIOZ114_sc2306_1	44.7229	24.689	11.5667
NIOZ114_sc2311_1	6.28542	6.61155	5.63398
NIOZ114_sc2315_1	12.9205	12.7896	6.17978
NIOZ114_sc2334_1	12.1834	5.60957	2.53769
NIOZ114_sc2359_1	15.0024	16.9301	7.04988
NIOZ114_sc2372_1	14.3564	21.8635	19.5957
NIOZ114_sc2391_1	16.9448	31.9643	26.1091
NIOZ114_sc2420_1	16.0287	16.7384	7.02054
NIOZ114_sc2437_1	12.7432	15.1654	5.52918
NIOZ114_sc2500_1	12.8686	15.418	7.28314
NIOZ114_sc2541_1	13.9623	15.8661	7.20966
NIOZ114_sc2561_1	14.6986	7.12298	4.2247
NIOZ114_sc2597_1	9.74903	23.1652	24.0102
NIOZ114_sc2612_1	13.7983	17.1385	5.71294
NIOZ114_sc2648_1	16.9249	18.6246	7.35886
NIOZ114_sc2701_1	6.01603	11.769	4.74902
NIOZ114_sc2705_1	14.5464	26.5555	23.1251
NIOZ114_sc2713_1	14.6668	16.9882	5.74044
NIOZ114_sc2736_1	13.4339	15.6417	6.59326
NIOZ114_sc2755_1	15.0185	14.7134	6.45051
NIOZ114_sc2796_1	15.8761	29.6704	24.573
NIOZ114_sc2820_1	15.3777	24.5134	20.3277
NIOZ114_sc2824_1	14.0977	29.268	21.988
NIOZ114_sc2831_1	13.9004	14.5945	6.39566
NIOZ114_sc2857_1	16.8298	27.9219	25.517
NIOZ114_sc2859_1	10.813	14.1945	7.13245
NIOZ114_sc2881_1	16.9467	17.7563	7.65481
NIOZ114_sc2896_1	17.0324	19.0146	7.46104
NIOZ114_sc2921_1	12.4434	11.9853	4.89506
NIOZ114_sc3004_1	16.295	27.6341	21.6931
NIOZ114_sc3018_1	16.3671	31.2747	25.0859
NIOZ114_sc3022_1	12.427	4.94719	2.33264
NIOZ114_sc3047_1	16.4103	30.9862	25.7463
NIOZ114_sc3087_1	15.6944	15.6049	5.77887
NIOZ114_sc3097_1	15.3107	28.7653	25.3069
NIOZ114_sc3120_1	14.2068	28.0385	23.6639
NIOZ114_sc3167_1	12.5834	17.3256	8.92611
NIOZ114_sc3169_1	12.8981	4.7417	2.25957
NIOZ114_sc3208_1	11.4478	19.2366	17.1959
NIOZ114_sc3254_1	14.4539	15.1112	7.70308
NIOZ114_sc3256_1	16.0194	31.2756	26.9918
NIOZ114_sc3266_1	13.8318	14.7423	4.93646
NIOZ114_sc3311_1	14.0339	15.4181	6.06988
NIOZ114_sc3332_1	16.041	30.9104	24.351
NIOZ114_sc3334_1	16.1132	29.739	24.8919
NIOZ114_sc3361_1	12.9336	13.4289	4.80332
NIOZ114_sc3364_1	12.7945	10.7549	7.07119
NIOZ114_sc3390_1	12.658	4.75619	2.63886
NIOZ114_sc3397_1	15.458	17.3418	7.96034
NIOZ114_sc3403_1	13.8182	26.22	25.4551
NIOZ114_sc3408_1	13.8267	15.6757	6.97472
NIOZ114_sc3410_1	15.2768	14.2659	5.23219
NIOZ114_sc3417_1	13.9798	23.7079	18.0103
NIOZ114_sc3431_1	15.6623	27.7842	23.1876
NIOZ114_sc3436_1	15.0591	28.1727	21.9243
NIOZ114_sc3439_1	11.8886	14.1675	5.93954
NIOZ114_sc3441_1	16.3685	30.4672	26.1551
NIOZ114_sc3447_1	13.9431	7.24226	3.49319
NIOZ114_sc3470_1	15.1779	4.52323	2.09651
NIOZ114_sc3474_1	15.4347	29.8602	23.2259
NIOZ114_sc3478_1	16.2916	32.1591	24.2071
NIOZ114_sc3517_1	17.7766	33.465	28.8249
NIOZ114_sc3585_1	13.1653	17.3332	7.65971
NIOZ114_sc3597_1	13.5824	5.37313	2.73737
NIOZ114_sc3604_1	14.8943	15.1534	8.72001
NIOZ114_sc3611_1	14.6205	27.728	24.1469
NIOZ114_sc3615_1	15.6043	16.2592	7.39897
NIOZ114_sc3617_1	12.2654	24.3469	17.7906
NIOZ114_sc3636_1	11.7531	16.6345	7.14548
NIOZ114_sc3679_1	11.3953	4.47007	2.30423
NIOZ114_sc3699_1	13.7873	16.8626	7.78765
NIOZ114_sc3740_1	12.9792	5.80168	2.92395
NIOZ114_sc3742_1	15.316	16.5108	5.87886
NIOZ114_sc3743_1	16.3205	15.4032	5.85047
NIOZ114_sc3753_1	12.4935	14.9154	8.48852
NIOZ114_sc3793_1	16.8773	16.0016	5.33531
NIOZ114_sc3817_1	10.0253	17.6351	16.2963
NIOZ114_sc3822_1	16.6026	20.1507	6.95092
NIOZ114_sc3827_1	18.3532	29.3035	21.0192
NIOZ114_sc3828_1	12.158	9.1567	4.0504
NIOZ114_sc3839_1	13.4738	5.38872	2.58343
NIOZ114_sc3840_1	14.289	28.8589	23.5277
NIOZ114_sc3845_1	12.3202	15.1457	7.22188
NIOZ114_sc3855_1	15.0905	18.4481	8.008
NIOZ114_sc3889_1	17.5717	33.6097	24.7567
NIOZ114_sc3918_1	13.2404	23.8002	20.2082
NIOZ114_sc3927_1	15.2018	27.5107	23.7448
NIOZ114_sc3930_1	15.4428	18.4404	8.52092
NIOZ114_sc3957_1	13.5841	5.65174	3.00806
NIOZ114_sc4036_1	10.4987	9.55882	4.02899
NIOZ114_sc4069_1	11.9636	10.9905	7.09599
NIOZ114_sc4080_1	17.5136	16.7806	7.95934
NIOZ114_sc4148_1	12.9344	16.2076	5.93224
NIOZ114_sc4160_1	13.7582	24.7104	20.8779
NIOZ114_sc4172_1	14.4778	9.40438	3.53918
NIOZ114_sc4194_1	15.6031	28.7758	24.3463
NIOZ114_sc4203_1	10.9753	4.96245	2.16223
NIOZ114_sc4226_1	11.4051	3.79335	0.953327
NIOZ114_sc4236_1	21.2503	39.7058	32.0814
NIOZ114_sc4246_1	14.9581	15.9278	6.57166
NIOZ114_sc4257_1	13.6954	12.7996	5.15456
NIOZ114_sc4264_1	9.93433	14.2008	13.6317
NIOZ114_sc4306_1	10.9271	5.24644	2.41416
NIOZ114_sc4324_1	11.3476	4.86994	3.15906
NIOZ114_sc4339_1	14.0362	5.93543	3.147
NIOZ114_sc4341_1	12.5137	16.9724	8.25286
NIOZ114_sc4361_1	15.0119	17.5295	8.12854
NIOZ114_sc4369_1	15.4441	16.4328	6.7926
NIOZ114_sc4372_1	13.9604	5.19876	2.61689
NIOZ114_sc4377_1	14.847	27.901	24.2422
NIOZ114_sc4398_1	15.2595	27.9388	23.4225
NIOZ114_sc4402_1	15.0682	32.7306	25.7061
NIOZ114_sc4438_1	15.2779	29.3288	23.5525
NIOZ114_sc4442_1	11.5491	3.74693	0.999542
NIOZ114_sc4443_1	16.5112	29.6315	25.3162
NIOZ114_sc4467_1	15.9704	28.3707	23.175
NIOZ114_sc4486_1	12.2064	25.2954	20.1523
NIOZ114_sc4489_1	17.3049	18.2767	8.05402
NIOZ114_sc4498_1	14.209	16.5344	7.24107
NIOZ114_sc4500_1	11.9257	13.7939	6.42727
NIOZ114_sc4523_1	15.7932	17.3682	9.83887
NIOZ114_sc4528_1	15.643	30.8997	24.0301
NIOZ114_sc4540_1	16.872	31.295	26.114
NIOZ114_sc4546_1	19.0496	16.9166	9.88862
NIOZ114_sc4579_1	20.8492	20.6331	8.85454
NIOZ114_sc4591_1	13.5037	6.11658	3.10784
NIOZ114_sc4598_1	15.2003	24.3541	22.6546
NIOZ114_sc4600_1	15.2784	14.405	7.55673
NIOZ114_sc4625_1	14.654	14.3575	6.72973
NIOZ114_sc4639_1	16.8769	17.9209	7.03952
NIOZ114_sc4652_1	15.9811	17.402	8.04416
NIOZ114_sc4657_1	12.9198	14.5723	4.65826
NIOZ114_sc4679_1	15.2513	17.286	8.0017
NIOZ114_sc4701_1	15.0928	15.3226	6.8159
NIOZ114_sc4703_1	14.4544	27.0977	21.6862
NIOZ114_sc4710_1	12.5183	14.465	6.93994
NIOZ114_sc4726_1	15.8907	15.4216	6.99377
NIOZ114_sc4735_1	12.1344	3.926	2.56328
NIOZ114_sc4791_1	15.5273	15.3513	8.41131
NIOZ114_sc4839_1	12.2732	15.8236	6.37986
NIOZ114_sc4840_1	17.5247	19.4143	8.28792
NIOZ114_sc4869_1	16.4188	32.1799	25.2506
NIOZ114_sc4927_1	12.5582	5.22728	2.60483
NIOZ114_sc4955_1	15.046	28.1503	22.2891
NIOZ114_sc4961_1	14.0335	27.6613	23.8895
NIOZ114_sc4963_1	13.8845	26.8264	20.8867
NIOZ114_sc4965_1	14.6567	17.1261	6.46094
NIOZ114_sc4968_1	16.3474	16.6778	7.75893
NIOZ114_sc4969_1	14.6433	20.3926	7.89985
NIOZ114_sc4998_1	12.5592	27.0905	25.388
NIOZ114_sc5027_1	15.9782	29.5774	24.4437
NIOZ114_sc5043_1	15.8921	32.1456	24.5939
NIOZ114_sc5056_1	12.1098	23.5293	17.858
NIOZ114_sc5069_1	16.5368	19.8436	6.32887
NIOZ114_sc5159_1	16.1308	31.4707	23.9052
NIOZ114_sc5231_1	5.19856	15.4583	16.9405
NIOZ114_sc5237_1	17.9708	13.8997	7.5809
NIOZ114_sc5245_1	14.0736	16.5067	7.43846
NIOZ114_sc5267_1	17.1025	32.8339	25.1993
NIOZ114_sc5270_1	14.2301	16.648	7.36517
NIOZ114_sc5310_1	12.2542	15.8221	6.70136
NIOZ114_sc5324_1	13.3271	15.4416	4.71559
