NIOZ114_sc48_1	3180	664	0
NIOZ114_sc51_1	2979	229	0
NIOZ114_sc85_1	3851	320	0
NIOZ114_sc96_1	7741	665	0
NIOZ114_sc105_1	5916	698	0
NIOZ114_sc126_1	11147	836	0
NIOZ114_sc137_1	6622	406	0
NIOZ114_sc146_1	3037	123	0
NIOZ114_sc152_1	8071	559	0
NIOZ114_sc159_1	7144	445	0
NIOZ114_sc202_1	2716	165	0
NIOZ114_sc228_1	15458	1288	0
NIOZ114_sc282_1	5321	311	0
NIOZ114_sc284_1	6516	540	0
NIOZ114_sc294_1	9005	1466	0
NIOZ114_sc297_1	11922	997	0
NIOZ114_sc313_1	5041	1026	0
NIOZ114_sc318_1	5445	880	0
NIOZ114_sc344_1	27066	1965	0
NIOZ114_sc378_1	27217	2096	0
NIOZ114_sc392_1	7416	703	0
NIOZ114_sc405_1	8854	649	0
NIOZ114_sc419_1	2909	717	0
NIOZ114_sc422_1	10813	1344	0
NIOZ114_sc424_1	10141	723	0
NIOZ114_sc431_1	10461	2083	0
NIOZ114_sc447_1	7723	538	0
NIOZ114_sc464_1	42416	11594	0
NIOZ114_sc467_1	23556	3336	0
NIOZ114_sc477_1	4933	646	0
NIOZ114_sc492_1	33518	6054	0
NIOZ114_sc493_1	8114	657	0
NIOZ114_sc516_1	10481	712	0
NIOZ114_sc532_1	4990	399	0
NIOZ114_sc534_1	2924	720	0
NIOZ114_sc543_1	85529	16853	0
NIOZ114_sc544_1	9738	1998	0
NIOZ114_sc549_1	4777	1135	0
NIOZ114_sc557_1	3744	205	0
NIOZ114_sc562_1	49948	9345	0
NIOZ114_sc564_1	17599	3370	0
NIOZ114_sc577_1	7198	616	0
NIOZ114_sc597_1	48021	6616	0
NIOZ114_sc614_1	12314	2705	0
NIOZ114_sc646_1	17445	3423	0
NIOZ114_sc660_1	57344	11959	0
NIOZ114_sc688_1	9982	1391	0
NIOZ114_sc705_1	5462	228	0
NIOZ114_sc709_1	7011	1420	0
NIOZ114_sc728_1	3427	586	0
NIOZ114_sc732_1	12040	923	0
NIOZ114_sc757_1	2830	347	0
NIOZ114_sc791_1	4645	356	0
NIOZ114_sc807_1	4927	413	0
NIOZ114_sc837_1	7624	1596	0
NIOZ114_sc855_1	28447	4179	0
NIOZ114_sc862_1	7160	518	0
NIOZ114_sc867_1	5680	446	0
NIOZ114_sc869_1	5072	663	0
NIOZ114_sc872_1	9778	1708	0
NIOZ114_sc885_1	6118	219	0
NIOZ114_sc890_1	4377	265	0
NIOZ114_sc905_1	51480	4761	0
NIOZ114_sc925_1	8000	568	0
NIOZ114_sc937_1	13419	808	0
NIOZ114_sc959_1	3465	603	0
NIOZ114_sc989_1	3445	359	0
NIOZ114_sc1001_1	4730	903	0
NIOZ114_sc1006_1	5774	410	0
NIOZ114_sc1014_1	5394	381	0
NIOZ114_sc1029_1	3960	510	0
NIOZ114_sc1034_1	6713	778	0
NIOZ114_sc1057_1	16853	1016	0
NIOZ114_sc1060_1	19879	1420	0
NIOZ114_sc1096_1	27204	5707	0
NIOZ114_sc1098_1	37217	4013	0
NIOZ114_sc1102_1	5883	420	0
NIOZ114_sc1105_1	14960	2966	0
NIOZ114_sc1112_1	3858	382	0
NIOZ114_sc1152_1	3331	592	0
NIOZ114_sc1166_1	2557	163	0
NIOZ114_sc1195_1	11304	869	0
NIOZ114_sc1196_1	5902	586	0
NIOZ114_sc1200_1	3636	224	0
NIOZ114_sc1202_1	4951	1050	0
NIOZ114_sc1209_1	30705	5559	0
NIOZ114_sc1212_1	4806	985	0
NIOZ114_sc1225_1	4958	379	0
NIOZ114_sc1248_1	4134	314	0
NIOZ114_sc1261_1	123014	25916	0
NIOZ114_sc1262_1	2527	186	0
NIOZ114_sc1265_1	3523	851	0
NIOZ114_sc1274_1	4890	370	0
NIOZ114_sc1283_1	13984	3187	0
NIOZ114_sc1292_1	9502	1290	0
NIOZ114_sc1293_1	13321	1331	0
NIOZ114_sc1303_1	4603	331	0
NIOZ114_sc1309_1	3990	411	0
NIOZ114_sc1341_1	4391	629	0
NIOZ114_sc1365_1	10324	2253	0
NIOZ114_sc1373_1	5853	666	0
NIOZ114_sc1375_1	13007	2335	0
NIOZ114_sc1409_1	9360	670	0
NIOZ114_sc1412_1	10640	952	0
NIOZ114_sc1417_1	7126	454	0
NIOZ114_sc1429_1	4362	808	0
NIOZ114_sc1431_1	11556	565	0
NIOZ114_sc1436_1	25123	5506	0
NIOZ114_sc1444_1	24281	4430	0
NIOZ114_sc1463_1	6608	789	0
NIOZ114_sc1479_1	22969	6580	0
NIOZ114_sc1482_1	3861	606	0
NIOZ114_sc1484_1	25357	2387	0
NIOZ114_sc1493_1	10457	1904	0
NIOZ114_sc1501_1	4420	346	0
NIOZ114_sc1528_1	14867	3424	0
NIOZ114_sc1531_1	2664	125	0
NIOZ114_sc1538_1	80823	19432	0
NIOZ114_sc1572_1	5806	284	0
NIOZ114_sc1596_1	21336	2276	0
NIOZ114_sc1625_1	4306	260	0
NIOZ114_sc1654_1	6406	480	0
NIOZ114_sc1661_1	118443	23309	0
NIOZ114_sc1668_1	14064	1246	0
NIOZ114_sc1672_1	13748	982	0
NIOZ114_sc1673_1	36156	7192	0
NIOZ114_sc1694_1	24160	316	0
NIOZ114_sc1748_1	10357	802	0
NIOZ114_sc1753_1	4620	777	0
NIOZ114_sc1807_1	17929	1635	0
NIOZ114_sc1808_1	16262	3093	0
NIOZ114_sc1828_1	6613	527	0
NIOZ114_sc1857_1	5715	315	0
NIOZ114_sc1869_1	2939	113	0
NIOZ114_sc1871_1	16836	2479	0
NIOZ114_sc1885_1	21891	3795	0
NIOZ114_sc1888_1	5233	455	0
NIOZ114_sc1890_1	3997	292	0
NIOZ114_sc1891_1	6983	516	0
NIOZ114_sc1904_1	58510	12668	0
NIOZ114_sc1929_1	6834	389	0
NIOZ114_sc1956_1	61070	11370	0
NIOZ114_sc1980_1	53839	10990	0
NIOZ114_sc2006_1	14029	1012	0
NIOZ114_sc2009_1	138507	40694	0
NIOZ114_sc2024_1	3147	266	0
NIOZ114_sc2029_1	19358	2369	0
NIOZ114_sc2054_1	6312	505	0
NIOZ114_sc2082_1	4415	1067	0
NIOZ114_sc2093_1	14841	1186	0
NIOZ114_sc2146_1	7081	579	0
NIOZ114_sc2163_1	10498	709	0
NIOZ114_sc2165_1	16998	1061	0
NIOZ114_sc2177_1	9252	1698	0
NIOZ114_sc2205_1	16904	3135	0
NIOZ114_sc2222_1	3022	542	0
NIOZ114_sc2232_1	10541	1300	0
NIOZ114_sc2254_1	3167	340	0
NIOZ114_sc2262_1	17321	2747	0
NIOZ114_sc2292_1	3597	665	0
NIOZ114_sc2299_1	4369	530	0
NIOZ114_sc2306_1	3134	1075	0
NIOZ114_sc2311_1	2557	443	0
NIOZ114_sc2315_1	2564	117	0
NIOZ114_sc2334_1	57613	12895	0
NIOZ114_sc2359_1	14645	1091	0
NIOZ114_sc2372_1	3907	640	0
NIOZ114_sc2391_1	82847	16267	0
NIOZ114_sc2420_1	20061	1850	0
NIOZ114_sc2437_1	3234	150	0
NIOZ114_sc2500_1	3643	203	0
NIOZ114_sc2541_1	17554	1335	0
NIOZ114_sc2561_1	14071	7462	0
NIOZ114_sc2597_1	3497	691	0
NIOZ114_sc2612_1	3125	274	0
NIOZ114_sc2648_1	6066	608	0
NIOZ114_sc2701_1	2708	443	0
NIOZ114_sc2705_1	12999	2272	0
NIOZ114_sc2713_1	6191	340	0
NIOZ114_sc2736_1	3206	201	0
NIOZ114_sc2755_1	8252	606	0
NIOZ114_sc2796_1	7478	1524	0
NIOZ114_sc2820_1	14025	2349	0
NIOZ114_sc2824_1	14362	2682	0
NIOZ114_sc2831_1	4616	483	0
NIOZ114_sc2857_1	10742	2385	0
NIOZ114_sc2859_1	5888	700	0
NIOZ114_sc2881_1	6813	452	0
NIOZ114_sc2896_1	25510	2525	0
NIOZ114_sc2921_1	14282	694	0
NIOZ114_sc3004_1	8269	1676	0
NIOZ114_sc3018_1	29018	5649	0
NIOZ114_sc3022_1	19276	3013	0
NIOZ114_sc3047_1	38557	7718	0
NIOZ114_sc3087_1	12247	595	0
NIOZ114_sc3097_1	18529	4140	0
NIOZ114_sc3120_1	22846	4030	0
NIOZ114_sc3167_1	2613	240	0
NIOZ114_sc3169_1	19767	655	0
NIOZ114_sc3208_1	14437	1793	0
NIOZ114_sc3254_1	6182	638	0
NIOZ114_sc3256_1	28506	6032	0
NIOZ114_sc3266_1	6870	649	0
NIOZ114_sc3311_1	10281	777	0
NIOZ114_sc3332_1	10102	1856	0
NIOZ114_sc3334_1	84327	16075	0
NIOZ114_sc3361_1	25059	1494	0
NIOZ114_sc3364_1	3128	236	0
NIOZ114_sc3390_1	4633	617	0
NIOZ114_sc3397_1	5823	454	0
NIOZ114_sc3403_1	5204	992	0
NIOZ114_sc3408_1	56846	4891	0
NIOZ114_sc3410_1	3083	173	0
NIOZ114_sc3417_1	5702	1124	0
NIOZ114_sc3431_1	40569	7038	0
NIOZ114_sc3436_1	39051	6707	0
NIOZ114_sc3439_1	26149	1615	0
NIOZ114_sc3441_1	45800	8874	0
NIOZ114_sc3447_1	10065	2036	0
NIOZ114_sc3470_1	7942	206	0
NIOZ114_sc3474_1	39511	6985	0
NIOZ114_sc3478_1	27634	5234	0
NIOZ114_sc3517_1	19032	4949	0
NIOZ114_sc3585_1	3265	331	0
NIOZ114_sc3597_1	18286	2727	0
NIOZ114_sc3604_1	4368	479	0
NIOZ114_sc3611_1	6732	1176	0
NIOZ114_sc3615_1	8326	543	0
NIOZ114_sc3617_1	3379	561	0
NIOZ114_sc3636_1	2872	186	0
NIOZ114_sc3679_1	8236	943	0
NIOZ114_sc3699_1	2952	222	0
NIOZ114_sc3740_1	42844	9791	0
NIOZ114_sc3742_1	2511	123	0
NIOZ114_sc3743_1	3788	206	0
NIOZ114_sc3753_1	4809	429	0
NIOZ114_sc3793_1	3353	170	0
NIOZ114_sc3817_1	6080	840	0
NIOZ114_sc3822_1	17347	1088	0
NIOZ114_sc3827_1	6305	1013	0
NIOZ114_sc3828_1	3245	108	0
NIOZ114_sc3839_1	34941	6906	0
NIOZ114_sc3840_1	11854	2159	0
NIOZ114_sc3845_1	3039	208	0
NIOZ114_sc3855_1	3399	229	0
NIOZ114_sc3889_1	16565	3215	0
NIOZ114_sc3918_1	11117	1685	0
NIOZ114_sc3927_1	57694	10251	0
NIOZ114_sc3930_1	11768	837	0
NIOZ114_sc3957_1	64444	14138	0
NIOZ114_sc4036_1	2530	84	0
NIOZ114_sc4069_1	2567	127	0
NIOZ114_sc4080_1	7086	491	0
NIOZ114_sc4148_1	8001	559	0
NIOZ114_sc4160_1	4377	1082	0
NIOZ114_sc4172_1	6493	168	0
NIOZ114_sc4194_1	54789	10273	0
NIOZ114_sc4203_1	29281	2133	0
NIOZ114_sc4226_1	10370	625	0
NIOZ114_sc4236_1	7464	1901	0
NIOZ114_sc4246_1	5690	586	0
NIOZ114_sc4257_1	4142	319	0
NIOZ114_sc4264_1	3028	300	0
NIOZ114_sc4306_1	7734	986	0
NIOZ114_sc4324_1	8631	2081	0
NIOZ114_sc4339_1	103996	27216	0
NIOZ114_sc4341_1	3555	388	0
NIOZ114_sc4361_1	3332	322	0
NIOZ114_sc4369_1	11746	721	0
NIOZ114_sc4372_1	67624	9375	0
NIOZ114_sc4377_1	12407	2281	0
NIOZ114_sc4398_1	115107	21035	0
NIOZ114_sc4402_1	17650	3571	0
NIOZ114_sc4438_1	7830	1480	0
NIOZ114_sc4442_1	17631	539	0
NIOZ114_sc4443_1	16955	3441	0
NIOZ114_sc4467_1	14541	2684	0
NIOZ114_sc4486_1	2645	499	0
NIOZ114_sc4489_1	11350	861	0
NIOZ114_sc4498_1	3174	206	0
NIOZ114_sc4500_1	3003	246	0
NIOZ114_sc4523_1	8069	881	0
NIOZ114_sc4528_1	56177	10451	0
NIOZ114_sc4540_1	71285	14659	0
NIOZ114_sc4546_1	3903	416	0
NIOZ114_sc4579_1	6296	513	0
NIOZ114_sc4591_1	11593	3368	0
NIOZ114_sc4598_1	9151	1781	0
NIOZ114_sc4600_1	4407	329	0
NIOZ114_sc4625_1	2592	139	0
NIOZ114_sc4639_1	10574	833	0
NIOZ114_sc4652_1	16207	1654	0
NIOZ114_sc4657_1	5584	309	0
NIOZ114_sc4679_1	6639	400	0
NIOZ114_sc4701_1	14952	1290	0
NIOZ114_sc4703_1	22368	3883	0
NIOZ114_sc4710_1	7210	647	0
NIOZ114_sc4726_1	5933	511	0
NIOZ114_sc4735_1	7001	2278	0
NIOZ114_sc4791_1	8618	840	0
NIOZ114_sc4839_1	4828	443	0
NIOZ114_sc4840_1	3512	257	0
NIOZ114_sc4869_1	48877	10497	0
NIOZ114_sc4927_1	46067	8424	0
NIOZ114_sc4955_1	8582	1497	0
NIOZ114_sc4961_1	16672	3207	0
NIOZ114_sc4963_1	5075	792	0
NIOZ114_sc4965_1	3235	278	0
NIOZ114_sc4968_1	11657	1301	0
NIOZ114_sc4969_1	4663	479	0
NIOZ114_sc4998_1	5720	1171	0
NIOZ114_sc5027_1	81638	15352	0
NIOZ114_sc5043_1	47118	9131	0
NIOZ114_sc5056_1	3466	556	0
NIOZ114_sc5069_1	3507	216	0
NIOZ114_sc5159_1	5960	1095	0
NIOZ114_sc5231_1	2653	346	0
NIOZ114_sc5237_1	3302	209	0
NIOZ114_sc5245_1	4253	408	0
NIOZ114_sc5267_1	27387	5315	0
NIOZ114_sc5270_1	4014	335	0
NIOZ114_sc5310_1	4848	422	0
NIOZ114_sc5324_1	5730	582	0
*	0	0	0
