NIOZ114_sc48_1	3180	476	0
NIOZ114_sc51_1	2979	359	0
NIOZ114_sc85_1	3851	464	0
NIOZ114_sc96_1	7741	940	0
NIOZ114_sc105_1	5916	663	0
NIOZ114_sc126_1	11147	1163	0
NIOZ114_sc137_1	6622	801	0
NIOZ114_sc146_1	3037	336	0
NIOZ114_sc152_1	8071	912	0
NIOZ114_sc159_1	7144	1040	0
NIOZ114_sc202_1	2716	316	0
NIOZ114_sc228_1	15458	1644	0
NIOZ114_sc282_1	5321	517	0
NIOZ114_sc284_1	6516	728	0
NIOZ114_sc294_1	9005	1110	0
NIOZ114_sc297_1	11922	1676	0
NIOZ114_sc313_1	5041	597	0
NIOZ114_sc318_1	5445	459	0
NIOZ114_sc344_1	27066	2908	0
NIOZ114_sc378_1	27217	3423	0
NIOZ114_sc392_1	7416	1000	0
NIOZ114_sc405_1	8854	1101	0
NIOZ114_sc419_1	2909	728	0
NIOZ114_sc422_1	10813	1315	0
NIOZ114_sc424_1	10141	1234	0
NIOZ114_sc431_1	10461	1494	0
NIOZ114_sc447_1	7723	726	0
NIOZ114_sc464_1	42416	10940	0
NIOZ114_sc467_1	23556	3645	0
NIOZ114_sc477_1	4933	580	0
NIOZ114_sc492_1	33518	4138	0
NIOZ114_sc493_1	8114	1000	0
NIOZ114_sc516_1	10481	1195	0
NIOZ114_sc532_1	4990	537	0
NIOZ114_sc534_1	2924	602	0
NIOZ114_sc543_1	85529	12150	0
NIOZ114_sc544_1	9738	1378	0
NIOZ114_sc549_1	4777	882	0
NIOZ114_sc557_1	3744	503	0
NIOZ114_sc562_1	49948	6293	0
NIOZ114_sc564_1	17599	2625	0
NIOZ114_sc577_1	7198	766	0
NIOZ114_sc597_1	48021	7962	0
NIOZ114_sc614_1	12314	1789	0
NIOZ114_sc646_1	17445	2567	0
NIOZ114_sc660_1	57344	8532	0
NIOZ114_sc688_1	9982	924	0
NIOZ114_sc705_1	5462	289	0
NIOZ114_sc709_1	7011	1064	0
NIOZ114_sc728_1	3427	389	0
NIOZ114_sc732_1	12040	1714	0
NIOZ114_sc757_1	2830	330	0
NIOZ114_sc791_1	4645	516	0
NIOZ114_sc807_1	4927	269	0
NIOZ114_sc837_1	7624	1054	0
NIOZ114_sc855_1	28447	4910	0
NIOZ114_sc862_1	7160	870	0
NIOZ114_sc867_1	5680	743	0
NIOZ114_sc869_1	5072	734	0
NIOZ114_sc872_1	9778	1072	0
NIOZ114_sc885_1	6118	570	0
NIOZ114_sc890_1	4377	400	0
NIOZ114_sc905_1	51480	7078	0
NIOZ114_sc925_1	8000	953	0
NIOZ114_sc937_1	13419	1464	0
NIOZ114_sc959_1	3465	481	0
NIOZ114_sc989_1	3445	448	0
NIOZ114_sc1001_1	4730	803	0
NIOZ114_sc1006_1	5774	542	0
NIOZ114_sc1014_1	5394	655	0
NIOZ114_sc1029_1	3960	249	0
NIOZ114_sc1034_1	6713	669	0
NIOZ114_sc1057_1	16853	1781	0
NIOZ114_sc1060_1	19879	2048	0
NIOZ114_sc1096_1	27204	4001	0
NIOZ114_sc1098_1	37217	5455	0
NIOZ114_sc1102_1	5883	730	0
NIOZ114_sc1105_1	14960	2172	0
NIOZ114_sc1112_1	3858	395	0
NIOZ114_sc1152_1	3331	354	0
NIOZ114_sc1166_1	2557	371	0
NIOZ114_sc1195_1	11304	1785	0
NIOZ114_sc1196_1	5902	642	0
NIOZ114_sc1200_1	3636	465	0
NIOZ114_sc1202_1	4951	652	0
NIOZ114_sc1209_1	30705	3759	0
NIOZ114_sc1212_1	4806	791	0
NIOZ114_sc1225_1	4958	530	0
NIOZ114_sc1248_1	4134	574	0
NIOZ114_sc1261_1	123014	18621	0
NIOZ114_sc1262_1	2527	316	0
NIOZ114_sc1265_1	3523	517	0
NIOZ114_sc1274_1	4890	486	0
NIOZ114_sc1283_1	13984	3280	0
NIOZ114_sc1292_1	9502	1364	0
NIOZ114_sc1293_1	13321	1691	0
NIOZ114_sc1303_1	4603	451	0
NIOZ114_sc1309_1	3990	495	0
NIOZ114_sc1341_1	4391	672	0
NIOZ114_sc1365_1	10324	1692	0
NIOZ114_sc1373_1	5853	657	0
NIOZ114_sc1375_1	13007	1797	0
NIOZ114_sc1409_1	9360	1132	0
NIOZ114_sc1412_1	10640	1346	0
NIOZ114_sc1417_1	7126	753	0
NIOZ114_sc1429_1	4362	607	0
NIOZ114_sc1431_1	11556	1221	0
NIOZ114_sc1436_1	25123	7183	0
NIOZ114_sc1444_1	24281	3088	0
NIOZ114_sc1463_1	6608	591	0
NIOZ114_sc1479_1	22969	6442	0
NIOZ114_sc1482_1	3861	404	0
NIOZ114_sc1484_1	25357	3414	0
NIOZ114_sc1493_1	10457	1286	0
NIOZ114_sc1501_1	4420	520	0
NIOZ114_sc1528_1	14867	2736	0
NIOZ114_sc1531_1	2664	98	0
NIOZ114_sc1538_1	80823	19331	0
NIOZ114_sc1572_1	5806	566	0
NIOZ114_sc1596_1	21336	2326	0
NIOZ114_sc1625_1	4306	395	0
NIOZ114_sc1654_1	6406	728	0
NIOZ114_sc1661_1	118443	16345	0
NIOZ114_sc1668_1	14064	1698	0
NIOZ114_sc1672_1	13748	1420	0
NIOZ114_sc1673_1	36156	7825	0
NIOZ114_sc1694_1	24160	1721	0
NIOZ114_sc1748_1	10357	1057	0
NIOZ114_sc1753_1	4620	499	0
NIOZ114_sc1807_1	17929	2282	0
NIOZ114_sc1808_1	16262	2423	0
NIOZ114_sc1828_1	6613	759	0
NIOZ114_sc1857_1	5715	697	0
NIOZ114_sc1869_1	2939	249	0
NIOZ114_sc1871_1	16836	2966	0
NIOZ114_sc1885_1	21891	2569	0
NIOZ114_sc1888_1	5233	593	0
NIOZ114_sc1890_1	3997	463	0
NIOZ114_sc1891_1	6983	569	0
NIOZ114_sc1904_1	58510	8967	0
NIOZ114_sc1929_1	6834	781	0
NIOZ114_sc1956_1	61070	7769	0
NIOZ114_sc1980_1	53839	7409	0
NIOZ114_sc2006_1	14029	1543	0
NIOZ114_sc2009_1	138507	40151	0
NIOZ114_sc2024_1	3147	167	0
NIOZ114_sc2029_1	19358	2324	0
NIOZ114_sc2054_1	6312	597	0
NIOZ114_sc2082_1	4415	651	0
NIOZ114_sc2093_1	14841	1493	0
NIOZ114_sc2146_1	7081	908	0
NIOZ114_sc2163_1	10498	1277	0
NIOZ114_sc2165_1	16998	1921	0
NIOZ114_sc2177_1	9252	1533	0
NIOZ114_sc2205_1	16904	2002	0
NIOZ114_sc2222_1	3022	375	0
NIOZ114_sc2232_1	10541	835	0
NIOZ114_sc2254_1	3167	248	0
NIOZ114_sc2262_1	17321	3068	0
NIOZ114_sc2292_1	3597	429	0
NIOZ114_sc2299_1	4369	572	0
NIOZ114_sc2306_1	3134	2242	0
NIOZ114_sc2311_1	2557	303	0
NIOZ114_sc2315_1	2564	238	0
NIOZ114_sc2334_1	57613	13113	0
NIOZ114_sc2359_1	14645	1702	0
NIOZ114_sc2372_1	3907	435	0
NIOZ114_sc2391_1	82847	11414	0
NIOZ114_sc2420_1	20061	4183	0
NIOZ114_sc2437_1	3234	295	0
NIOZ114_sc2500_1	3643	358	0
NIOZ114_sc2541_1	17554	1921	0
NIOZ114_sc2561_1	14071	9463	0
NIOZ114_sc2597_1	3497	369	0
NIOZ114_sc2612_1	3125	333	0
NIOZ114_sc2648_1	6066	802	0
NIOZ114_sc2701_1	2708	379	0
NIOZ114_sc2705_1	12999	1484	0
NIOZ114_sc2713_1	6191	684	0
NIOZ114_sc2736_1	3206	401	0
NIOZ114_sc2755_1	8252	972	0
NIOZ114_sc2796_1	7478	1087	0
NIOZ114_sc2820_1	14025	1859	0
NIOZ114_sc2824_1	14362	1877	0
NIOZ114_sc2831_1	4616	544	0
NIOZ114_sc2857_1	10742	1740	0
NIOZ114_sc2859_1	5888	570	0
NIOZ114_sc2881_1	6813	871	0
NIOZ114_sc2896_1	25510	3560	0
NIOZ114_sc2921_1	14282	1557	0
NIOZ114_sc3004_1	8269	1358	0
NIOZ114_sc3018_1	29018	3836	0
NIOZ114_sc3022_1	19276	3321	0
NIOZ114_sc3047_1	38557	5496	0
NIOZ114_sc3087_1	12247	1412	0
NIOZ114_sc3097_1	18529	3082	0
NIOZ114_sc3120_1	22846	2542	0
NIOZ114_sc3167_1	2613	268	0
NIOZ114_sc3169_1	19767	1883	0
NIOZ114_sc3208_1	14437	1217	0
NIOZ114_sc3254_1	6182	897	0
NIOZ114_sc3256_1	28506	4270	0
NIOZ114_sc3266_1	6870	783	0
NIOZ114_sc3311_1	10281	1198	0
NIOZ114_sc3332_1	10102	1367	0
NIOZ114_sc3334_1	84327	10785	0
NIOZ114_sc3361_1	25059	2961	0
NIOZ114_sc3364_1	3128	451	0
NIOZ114_sc3390_1	4633	668	0
NIOZ114_sc3397_1	5823	651	0
NIOZ114_sc3403_1	5204	548	0
NIOZ114_sc3408_1	56846	6620	0
NIOZ114_sc3410_1	3083	375	0
NIOZ114_sc3417_1	5702	851	0
NIOZ114_sc3431_1	40569	5008	0
NIOZ114_sc3436_1	39051	4909	0
NIOZ114_sc3439_1	26149	2406	0
NIOZ114_sc3441_1	45800	5866	0
NIOZ114_sc3447_1	10065	2125	0
NIOZ114_sc3470_1	7942	883	0
NIOZ114_sc3474_1	39511	4828	0
NIOZ114_sc3478_1	27634	3796	0
NIOZ114_sc3517_1	19032	3830	0
NIOZ114_sc3585_1	3265	383	0
NIOZ114_sc3597_1	18286	3299	0
NIOZ114_sc3604_1	4368	560	0
NIOZ114_sc3611_1	6732	777	0
NIOZ114_sc3615_1	8326	983	0
NIOZ114_sc3617_1	3379	373	0
NIOZ114_sc3636_1	2872	240	0
NIOZ114_sc3679_1	8236	1078	0
NIOZ114_sc3699_1	2952	297	0
NIOZ114_sc3740_1	42844	10039	0
NIOZ114_sc3742_1	2511	271	0
NIOZ114_sc3743_1	3788	493	0
NIOZ114_sc3753_1	4809	538	0
NIOZ114_sc3793_1	3353	430	0
NIOZ114_sc3817_1	6080	516	0
NIOZ114_sc3822_1	17347	2115	0
NIOZ114_sc3827_1	6305	901	0
NIOZ114_sc3828_1	3245	288	0
NIOZ114_sc3839_1	34941	7633	0
NIOZ114_sc3840_1	11854	1348	0
NIOZ114_sc3845_1	3039	282	0
NIOZ114_sc3855_1	3399	381	0
NIOZ114_sc3889_1	16565	2197	0
NIOZ114_sc3918_1	11117	1093	0
NIOZ114_sc3927_1	57694	6887	0
NIOZ114_sc3930_1	11768	1409	0
NIOZ114_sc3957_1	64444	14998	0
NIOZ114_sc4036_1	2530	207	0
NIOZ114_sc4069_1	2567	233	0
NIOZ114_sc4080_1	7086	944	0
NIOZ114_sc4148_1	8001	870	0
NIOZ114_sc4160_1	4377	842	0
NIOZ114_sc4172_1	6493	635	0
NIOZ114_sc4194_1	54789	7262	0
NIOZ114_sc4203_1	29281	3200	0
NIOZ114_sc4226_1	10370	1126	0
NIOZ114_sc4236_1	7464	1492	0
NIOZ114_sc4246_1	5690	688	0
NIOZ114_sc4257_1	4142	535	0
NIOZ114_sc4264_1	3028	205	0
NIOZ114_sc4306_1	7734	1110	0
NIOZ114_sc4324_1	8631	1984	0
NIOZ114_sc4339_1	103996	27438	0
NIOZ114_sc4341_1	3555	410	0
NIOZ114_sc4361_1	3332	403	0
NIOZ114_sc4369_1	11746	1386	0
NIOZ114_sc4372_1	67624	12177	0
NIOZ114_sc4377_1	12407	1483	0
NIOZ114_sc4398_1	115107	14168	0
NIOZ114_sc4402_1	17650	2325	0
NIOZ114_sc4438_1	7830	981	0
NIOZ114_sc4442_1	17631	1578	0
NIOZ114_sc4443_1	16955	2463	0
NIOZ114_sc4467_1	14541	2121	0
NIOZ114_sc4486_1	2645	334	0
NIOZ114_sc4489_1	11350	1481	0
NIOZ114_sc4498_1	3174	330	0
NIOZ114_sc4500_1	3003	312	0
NIOZ114_sc4523_1	8069	1049	0
NIOZ114_sc4528_1	56177	7277	0
NIOZ114_sc4540_1	71285	10620	0
NIOZ114_sc4546_1	3903	612	0
NIOZ114_sc4579_1	6296	1024	0
NIOZ114_sc4591_1	11593	3636	0
NIOZ114_sc4598_1	9151	1388	0
NIOZ114_sc4600_1	4407	517	0
NIOZ114_sc4625_1	2592	300	0
NIOZ114_sc4639_1	10574	1477	0
NIOZ114_sc4652_1	16207	2165	0
NIOZ114_sc4657_1	5584	736	0
NIOZ114_sc4679_1	6639	730	0
NIOZ114_sc4701_1	14952	2010	0
NIOZ114_sc4703_1	22368	2844	0
NIOZ114_sc4710_1	7210	776	0
NIOZ114_sc4726_1	5933	1141	0
NIOZ114_sc4735_1	7001	2098	0
NIOZ114_sc4791_1	8618	1296	0
NIOZ114_sc4839_1	4828	503	0
NIOZ114_sc4840_1	3512	503	0
NIOZ114_sc4869_1	48877	8031	0
NIOZ114_sc4927_1	46067	9163	0
NIOZ114_sc4955_1	8582	1044	0
NIOZ114_sc4961_1	16672	2011	0
NIOZ114_sc4963_1	5075	520	0
NIOZ114_sc4965_1	3235	493	0
NIOZ114_sc4968_1	11657	1748	0
NIOZ114_sc4969_1	4663	622	0
NIOZ114_sc4998_1	5720	711	0
NIOZ114_sc5027_1	81638	10705	0
NIOZ114_sc5043_1	47118	6447	0
NIOZ114_sc5056_1	3466	437	0
NIOZ114_sc5069_1	3507	480	0
NIOZ114_sc5159_1	5960	944	0
NIOZ114_sc5231_1	2653	132	0
NIOZ114_sc5237_1	3302	420	0
NIOZ114_sc5245_1	4253	482	0
NIOZ114_sc5267_1	27387	3834	0
NIOZ114_sc5270_1	4014	491	0
NIOZ114_sc5310_1	4848	485	0
NIOZ114_sc5324_1	5730	739	0
*	0	0	0
