contigIdx	contigIdxMate	AvgCoverage
0	0	52.4692
0	84	2.8717
0	210	3.39371
1	1	38.3182
2	2	36.7777
2	231	0.738769
2	267	1.34744
3	3	42.4341
3	200	0.0594238
4	4	32.0789
4	322	0.578431
5	5	34.4667
5	41	0.54786
5	73	0.0236835
6	6	35.7735
6	33	0.0422833
6	112	0.211568
6	114	0.787526
6	121	0.180912
6	160	0.00921172
6	238	0.0631229
6	248	0.0454545
6	252	0.269103
6	268	0.00845666
6	284	0.0712776
7	7	31.8956
7	201	0.883438
8	8	33.5004
9	6	0.0144177
9	9	42.9769
9	151	0.649356
9	216	0.482783
9	253	0.0979843
9	284	0.0181971
10	10	36.4194
10	302	0.534978
11	11	35.1141
12	12	31.9333
13	13	33.0801
14	14	69.9034
14	99	0.0335369
14	113	0.00533037
14	135	0.0503054
14	196	0.0167685
14	205	0.00755136
14	213	0.00832871
14	239	0.0553026
14	271	0.0102165
14	276	0.00433093
14	282	0.0182121
14	283	0.08995
14	302	0.0151027
14	319	0.00588562
15	15	36.0996
15	229	0.037997
15	299	0.239725
16	16	61.4598
16	37	1.80797
16	70	1.09542
16	85	0.0843087
16	166	0.0295576
16	254	0.156318
17	17	52.9635
17	86	0.0275482
17	89	0.00642792
17	130	0.0554637
17	166	0.0831956
17	181	0.00844812
17	221	0.00697888
17	226	0.0554637
17	246	0.00697888
17	271	0.0554637
17	312	0.0277319
18	18	36.5521
19	19	41.8194
19	63	0.0024617
19	72	0.00462946
20	20	39.7747
20	102	0.315534
20	235	0.560005
21	21	42.1895
21	81	0.645923
22	22	56.4565
22	185	3.18597
23	23	32.8776
24	24	38.0993
24	32	0.309733
25	25	73.115
25	91	1.05028
25	282	0.00707389
26	26	30.0521
26	62	0.162113
26	321	0.445682
27	27	19.6643
27	117	0.0034421
27	144	0.00301773
27	232	0.000872312
27	298	0.00174462
28	28	16.4674
28	126	0.0230515
29	29	36.3513
29	72	0.3657
29	316	0.0174336
30	30	69.436
30	44	0.00158124
30	222	0.00134256
30	282	0.00220777
30	311	0.00164091
30	319	0.00196909
31	31	37.1671
31	278	1.11277
32	24	0.344242
32	32	37.2413
33	33	32.2188
33	112	0.180361
33	186	0.440481
33	238	0.201202
33	248	0.00621242
33	284	0.0903808
34	34	67.4234
35	35	70.2679
35	84	0.000561213
35	141	0.000537829
35	154	0.040571
35	163	0.00105227
35	166	0.00353097
35	181	0.000350758
35	183	0.000455986
35	256	0.00294637
35	271	0.00176548
35	311	0.000572905
35	312	0.000748284
35	313	0.000350758
36	36	71.6437
36	115	0.354488
36	181	0.289279
37	16	1.42767
37	37	54.1055
37	167	0.0397739
37	181	0.0140255
37	254	0.554741
38	38	39.9618
39	39	69.353
39	142	0.00172179
39	185	0.00914952
39	259	0.000700729
39	302	0.00322335
40	40	67.7875
40	199	0.00431843
41	5	0.960822
41	41	32.9768
42	42	19.8834
42	257	0.000645551
42	269	0.0477083
42	286	0.0736969
43	43	76.1813
43	245	0.306562
44	44	72.4969
44	101	0.00504443
44	122	0.118659
44	161	0.104615
44	167	0.0029808
44	191	0.00859845
44	201	0.0244769
44	282	0.00332473
45	45	77.4349
45	166	0.00629534
45	167	0.0573382
45	262	0.000697545
45	271	0.00789969
45	272	0.0012207
46	46	53.7835
46	247	0.0268483
47	16	0.235994
47	47	21.2583
47	70	0.354266
47	173	0.213109
48	48	72.9297
48	195	1.60405
48	271	0.00770218
49	49	63.9536
50	50	45.0355
50	57	0.31495
50	80	0.112209
51	51	17.4297
51	117	0.281979
52	52	33.0633
52	293	1.80108
53	53	18.6123
53	125	0.0253704
53	218	0.803735
54	54	72.7347
55	55	21.9004
55	224	0.00203888
55	258	0.00130066
55	265	0.068197
56	56	38.4997
56	88	0.544553
56	197	0.306983
57	50	0.558627
57	57	41.8607
58	58	33.7411
58	119	0.0417981
58	296	0.0816246
59	30	0.00593168
59	39	0.00807936
59	59	64.5198
59	133	0.0308857
59	141	0.00807936
59	193	0.0152383
59	214	0.00419309
59	311	0.0044999
60	60	12.6899
60	224	0.41337
60	241	0.278522
61	61	30.1556
61	223	0.538725
62	26	0.0208625
62	62	39.1329
63	63	39.0636
63	112	0.3345
63	301	0.788375
64	64	14.2879
64	126	0.107907
64	265	0.0112527
65	65	53.8089
66	66	34.8284
66	227	0.914659
67	67	65.8727
67	275	0.0395349
68	68	27.9035
68	114	0.218566
68	316	0.102875
69	69	35.1848
69	137	1.09548
70	16	1.32879
70	47	0.494192
70	70	48.3455
70	173	1.39571
71	71	43.1108
71	157	0.960375
72	29	0.106865
72	72	35.0178
73	5	0.00211278
73	73	34.6713
73	143	0.163187
73	211	0.348005
74	74	76.6808
74	89	0.339987
75	42	0.000913561
75	75	19.5524
75	164	0.000832953
75	298	0.0124406
76	76	39.1671
77	77	75.1833
77	139	0.536965
77	196	0.0784759
77	233	0.00975936
77	283	0.0100936
78	78	27.9531
78	98	0.656039
78	184	0.19466
79	79	40.0693
79	295	2.89132
80	50	0.366054
80	80	38.4752
80	281	1.81384
81	21	0.51035
81	81	43.7487
82	82	34.4439
83	83	35.7049
83	170	0.860836
84	0	1.45304
84	84	69.4278
84	205	0.0450414
85	16	0.0530532
85	85	68.7037
85	166	0.0245563
85	196	0.00214949
85	201	0.00100961
85	214	0.00426641
85	220	0.00257287
85	256	0.00234489
85	276	0.00446181
85	302	0.00312653
86	17	0.019975
86	86	66.896
86	166	0.06263
86	199	0.0195589
86	214	0.0120682
86	217	0.00998752
86	222	0.0129005
86	239	0.0122763
86	247	0.00998752
86	256	0.0459842
86	283	1.05035
86	302	0.0474407
86	312	0.00998752
86	313	0.0151893
87	87	37.8745
87	317	0.633522
88	56	1.01572
88	88	36.2269
88	129	1.02129
89	74	0.0768124
89	89	78.7491
89	101	0.00115434
89	148	0.01964
89	173	0.00676346
89	190	0.000398329
89	239	0.00140634
89	247	0.000747882
89	276	0.000617816
89	311	0.000552783
89	319	0.000268262
90	90	30.8567
90	193	1.02572
90	313	0.0395726
91	25	3.02838
91	91	67.6412
92	92	39.4329
92	179	0.630061
92	261	0.213292
93	93	20.9634
93	232	0.00328947
94	94	32.8899
94	103	0.541781
94	297	0.0195748
95	95	18.867
95	107	0.00570528
95	257	0.00345319
95	264	0.0527738
95	303	0.00990917
96	96	34.6837
96	202	1.22789
97	6	0.0378446
97	9	0.0253133
97	97	32.3053
98	78	0.51355
98	98	36.997
99	14	0.0321581
99	99	73.5106
99	130	0.0131732
99	157	0.00368074
99	199	0.00503681
99	215	0.0277024
99	270	0.0507555
99	272	0.0135606
99	276	0.0078458
100	82	0.00341705
100	100	33.5184
101	45	0.00961021
101	89	0.0116091
101	101	59.0141
101	111	0.556316
101	130	0.0029215
101	148	0.220497
101	166	0.0159145
101	173	0.018836
101	183	0.0137618
101	217	0.0116091
101	228	0.00399785
101	239	0.012378
101	276	0.0408242
102	20	0.332265
102	102	39.7479
102	188	0.938568
103	94	0.552726
103	103	39.2699
103	188	0.0734023
103	203	0.00422932
104	104	30.3914
105	39	0.018111
105	45	0.0155892
105	105	64.384
105	130	0.0229253
105	135	1.02957
105	167	0.0456213
105	215	0.0165062
105	256	0.0135259
105	283	0.00687758
105	302	0.480055
106	106	30.7936
107	107	32.5056
107	269	0.0182701
107	303	0.0397246
108	108	70.1527
108	141	0.00123553
108	148	0.00164738
108	153	0.00621885
108	166	0.0186566
108	204	0.00621885
108	214	0.00189449
108	217	0.0037066
108	256	0.00177093
108	276	0.00177093
108	311	0.00461266
109	109	39.7886
109	145	0.79086
109	182	0.137107
110	110	22.3583
110	117	0.00139318
110	232	0.103618
110	265	0.0016544
111	101	2.1181
111	111	46.9575
111	166	1.11862
112	6	0.0700793
112	33	0.0376227
112	63	0.106203
112	112	42.7265
112	121	0.00579722
112	235	0.0219663
112	238	0.129984
112	248	0.156643
112	252	0.0494538
112	268	0.00595496
112	284	0.0683835
113	113	64.9604
113	191	0.532371
113	246	0.836951
114	6	1.19887
114	68	0.221946
114	114	32.1215
114	316	0.228959
115	17	0.00201789
115	36	0.145355
115	86	0.00699536
115	115	72.2553
115	153	0.0203134
115	166	0.0101567
115	181	0.00343042
115	256	0.0139235
115	271	0.00221968
115	311	0.00605368
115	312	0.00417031
116	116	14.2459
117	51	0.000927954
117	110	0.000433045
117	117	21.0177
117	158	0.0118036
117	164	0.0223946
117	224	0.00118778
117	265	0.000371181
117	303	0.000371181
118	118	34.2692
118	127	0.518257
118	187	0.38753
119	58	0.0194507
119	119	32.8638
120	120	15.5286
121	6	0.227443
121	33	0.00796129
121	112	0.0192007
121	121	36.9313
121	236	0.367156
121	238	0.0115517
121	248	0.0173275
121	284	0.0218545
122	16	0.000987817
122	37	0.000371487
122	44	0.00749728
122	89	0.000346158
122	122	74.5346
122	141	0.000396815
122	148	0.0254806
122	157	0.000261729
122	204	0.000160415
122	239	0.000371487
122	256	0.000734531
122	271	0.000472801
122	276	0.00206851
122	319	0.000346158
123	123	35.3242
123	149	0.277517
124	124	34.719
125	125	19.1348
125	218	0.0578604
125	265	0.0566434
126	28	0.0264073
126	64	0.0656457
126	126	13.7399
127	118	0.289273
127	127	36.4114
127	238	0.00337936
128	128	61.2364
128	272	2.07554
129	88	0.234146
129	129	40.0894
129	288	0.241397
130	17	0.0154962
130	84	0.00682573
130	105	0.00725618
130	122	0.00461198
130	130	71.2326
130	183	0.00805559
130	287	0.5
131	131	33.3479
131	169	0.784364
132	132	41.3015
132	238	0.764654
132	309	0.709011
133	17	0.0258591
133	59	0.204491
133	133	25.2314
133	193	0.152433
133	205	0.617557
134	134	19.6251
134	303	0.0716322
135	14	0.0183637
135	46	0.00210132
135	85	0.00269517
135	105	0.152985
135	135	64.1299
135	157	0.00219268
135	196	0.00283221
135	222	0.00251245
135	276	0.00415696
135	282	0.00223836
136	9	0.0196828
136	136	35.8454
137	69	1.56342
137	137	39.4926
138	138	23.4796
138	212	0.151224
139	77	0.166707
139	139	76.8604
140	140	40.242
140	178	0.303775
141	74	0.000573113
141	85	0.000540364
141	141	69.7972
141	148	0.0437694
141	159	0.000720485
141	195	0.000556738
141	201	0.0023252
141	205	0.0025872
141	222	0.00186671
141	272	0.00160472
141	302	0.00119535
141	311	0.000605862
141	312	0.00332405
141	313	0.00545276
142	142	72.9438
143	73	0.253261
143	143	35.4317
143	169	0.335448
144	27	0.00157393
144	117	0.000368212
144	144	23.1618
144	164	0.000209376
144	246	0.000238255
144	249	0.0100067
145	109	1.67429
145	145	21.4617
146	146	34.7845
147	6	0.00792142
147	147	31.1543
147	260	0.601394
147	291	0.0167934
148	30	0.00702152
148	89	0.295583
148	101	0.457984
148	122	0.498075
148	141	0.430125
148	148	78.5062
148	173	0.729332
148	177	0.427407
148	205	0.00973952
148	220	0.649377
148	222	0.0342016
149	123	0.272219
149	149	32.9349
150	150	41.5993
150	266	0.550064
150	314	0.559525
151	9	0.129739
151	11	0.00180987
151	112	0.00952562
151	151	36.6343
151	168	0.0120975
151	235	0.0142884
152	152	37.158
153	108	0.0148076
153	115	0.0299395
153	153	69.2519
153	193	0.0649589
153	199	0.00756593
153	214	0.0556636
153	217	0.00713359
153	246	0.00734976
153	250	0.0182663
153	256	0.0152399
153	271	0.00734976
153	276	0.0286425
153	295	0.0136187
153	302	0.0383701
153	319	0.00464764
154	35	0.162033
154	44	0.00260293
154	154	66.8809
155	155	56.0721
155	245	2.0953
156	156	44.4731
156	254	0.00664074
156	262	0.396547
156	282	0.0175505
157	71	1.9138
157	157	39.5592
158	117	0.0695687
158	158	20.5046
158	232	0.00456094
159	159	69.9519
159	273	1.96803
159	277	1.98415
160	6	0.0329595
160	62	0.0109865
160	112	0.00709545
160	160	31.5873
160	170	0.310369
160	284	0.00984207
161	161	74.5032
161	201	0.0134014
161	217	0.0660498
161	222	1.41289
161	259	1.07179
161	283	0.0277601
162	162	16.614
162	164	1.03442
163	35	0.877535
163	163	29.2851
164	117	0.0282054
164	144	0.000399215
164	162	0.00144065
164	164	20.2382
165	165	37.9245
165	171	0.408672
166	16	0.107755
166	17	0.107499
166	35	0.0711543
166	45	0.173791
166	84	0.0122856
166	85	0.182493
166	86	0.0724341
166	108	0.108779
166	111	1.27105
166	115	0.0378807
166	166	51.8398
166	214	0.0202201
166	217	0.157922
166	221	0.046839
166	256	0.215511
166	273	0.0161249
166	275	0.015613
166	276	0.0486307
166	282	0.0191963
166	295	0.0276427
166	302	0.0706424
166	313	0.229076
167	37	0.00219682
167	45	0.0351491
167	65	0.00173814
167	85	0.000615593
167	167	74.755
167	199	0.000796649
167	214	0.000229338
167	276	0.000724227
167	302	0.000567311
167	311	0.000844931
168	151	0.00219331
168	168	40.4925
168	248	0.00189422
169	131	1.79561
169	143	1.48794
169	169	29.5266
170	83	0.741971
170	160	0.620093
170	170	32.7949
171	165	0.273613
171	171	36.1447
171	197	0.304717
172	172	26.0031
172	232	0.0710682
173	47	0.0863597
173	70	0.811839
173	89	0.241636
173	148	1.11124
173	173	52.7549
174	174	32.1619
174	200	1.15712
174	209	1.78624
175	175	40.7217
175	288	0.772502
176	176	20.4712
176	218	0.536189
176	265	1.09897
177	35	0.00600046
177	85	0.00276944
177	99	0.00330795
177	122	0.00323102
177	148	0.290099
177	156	0.00892376
177	177	63.1489
177	196	0.0203093
177	205	0.00807754
177	222	0.0053081
177	256	0.00938534
177	272	0.00453881
177	276	0.00492346
177	282	0.00553889
177	302	0.00969305
177	312	0.00392338
178	140	0.338071
178	178	36.0359
179	92	1.01996
179	179	33.6291
180	180	35.3159
181	17	0.0104306
181	25	0.00936079
181	36	0.250201
181	37	0.00936079
181	65	0.00401177
181	115	0.00802354
181	141	0.0152447
181	181	69.7807
181	214	0.00601765
181	221	0.0052153
181	254	0.110859
181	312	0.00895961
182	89	0.00470588
182	109	0.0585383
182	182	59.5015
182	205	0.00263815
182	222	0.00442068
183	40	0.0022281
183	130	0.0105139
183	183	64.6004
183	196	0.0105139
183	204	0.0209581
183	205	0.00612728
183	220	0.0525693
183	221	0.0167108
183	242	0.00229773
183	270	0.00779836
183	276	0.0178944
183	283	0.00243699
183	304	0.0312631
183	313	0.00738059
184	29	0.00823224
184	78	0.162045
184	184	33.0466
185	22	0.846304
185	39	0.0544591
185	185	68.1328
186	33	0.389096
186	94	0.0439878
186	147	0.0256454
186	186	30.7889
187	118	0.331866
187	187	40.8611
188	102	0.314034
188	103	0.0513524
188	188	42.7291
189	189	28.8651
189	206	0.23176
190	190	64.6252
191	44	0.00620305
191	113	0.192157
191	191	72.0324
191	204	0.00510028
191	207	0.000723689
192	192	19.5527
193	59	0.00542055
193	90	0.000985554
193	133	0.00783256
193	153	0.0149649
193	193	72.7828
193	195	0.000907747
193	214	0.00376067
193	220	0.00391628
193	256	0.00295666
193	302	0.000804004
194	194	36.1568
194	243	0.412917
195	48	0.526958
195	195	68.1924
195	201	0.00199687
195	242	0.0051271
195	302	0.0270387
195	305	0.0608236
196	14	0.00612799
196	25	0.0018384
196	77	0.0659634
196	177	0.0136567
196	182	0.00271382
196	183	0.00498993
196	193	0.00240742
196	196	65.3164
196	199	0.00245119
196	217	0.0087105
196	220	0.00660947
196	222	0.00420205
196	226	0.0101987
196	256	0.0192156
196	270	0.013788
196	271	0.0050337
196	276	0.00455222
196	283	0.00236365
196	295	0.00481485
196	302	0.0104613
196	304	0.00617176
196	312	0.013394
197	56	0.869499
197	171	1.9315
197	197	34.2935
198	198	19.7026
198	230	0.0676886
198	269	0.00662721
199	199	47.3238
199	247	0.0363649
200	3	0.0965707
200	174	0.57716
200	200	35.369
201	7	0.0117168
201	44	0.0158914
201	141	0.00192942
201	161	0.119624
201	201	73.5702
201	217	0.0105943
201	259	0.0529011
202	96	0.81936
202	202	31.7194
203	103	0.0428947
203	203	34.6964
203	300	0.143079
204	108	0.0136607
204	122	0.0071273
204	183	0.0245496
204	191	0.00851317
204	204	69.9571
204	276	0.0124728
204	302	0.0139576
204	313	0.0115819
205	85	0.000415051
205	105	0.000794526
205	122	0.00142303
205	133	0.00207525
205	148	0.000581071
205	182	0.000237172
205	199	0.000628506
205	205	70.4818
205	222	0.000225313
205	226	0.000581071
205	228	0.000628506
205	256	0.0635384
205	276	0.00149418
205	302	0.00464857
205	311	0.00075895
206	189	0.134163
206	206	30.9762
207	191	0.192775
207	207	29.0077
208	208	19.3589
209	174	0.945389
209	209	38.48
210	0	1.37817
210	210	62.2394
211	73	0.121785
211	211	36.0947
212	138	0.340577
212	212	31.5641
212	269	0.0123257
212	300	0.821927
213	213	53.0451
214	85	0.00744411
214	86	0.00372205
214	153	0.0148636
214	157	0.00226774
214	166	0.00372205
214	193	0.00372205
214	214	66.3427
214	220	0.0186103
214	228	0.00372205
214	247	0.00162686
214	271	0.00744411
214	302	0.00076413
215	35	0.00125477
215	39	0.00148524
215	46	0.00604338
215	99	0.00770787
215	122	0.000819441
215	177	0.0044301
215	199	0.00133159
215	214	0.0054288
215	215	64.7833
215	217	0.000947479
215	270	0.00248393
215	276	0.0040716
215	283	0.0057873
215	302	0.000793834
216	9	0.184749
216	216	31.5113
217	86	0.00329694
217	101	0.00172489
217	122	0.00165939
217	153	0.00283843
217	161	0.0669432
217	166	0.0109825
217	196	0.00482533
217	201	0.00838428
217	217	72.6244
217	220	0.00329694
217	222	0.00161572
217	228	0.00329694
217	271	0.0131659
217	282	0.000742358
218	53	0.0405365
218	95	0.00973671
218	125	0.161053
218	176	0.0940884
218	218	24.0306
219	75	0.0604382
219	219	21.9481
220	85	0.00523905
220	89	0.00291058
220	130	0.00177166
220	148	0.106932
220	167	0.00126547
220	183	0.0137177
220	193	0.00361925
220	196	0.00369517
220	214	0.012022
220	217	0.00354332
220	220	68.0443
220	221	0.00149326
220	226	0.0182734
220	228	0.00131609
220	239	0.00111361
220	256	0.0402926
220	276	0.010225
220	282	0.00177166
220	295	0.00399889
220	302	0.00528967
220	304	0.00445446
221	16	0.00499385
221	183	0.00474054
221	221	72.2385
221	226	0.00419773
221	239	0.00231599
221	246	0.00191793
221	256	0.00303973
222	49	0.00919504
222	86	0.00220681
222	142	0.0026797
222	148	0.00325767
222	161	0.176387
222	167	0.00262715
222	177	0.00362547
222	196	0.00336276
222	201	0.00262715
222	222	79.1632
222	256	0.00241698
222	259	0.0119273
222	283	0.00183901
222	302	0.0944725
223	61	1.68821
223	223	35.053
224	60	0.16488
224	224	21.3603
224	232	0.00109373
225	225	35.3455
225	290	1.29625
225	318	0.775641
226	16	0.0203506
226	17	0.0459002
226	45	0.0971479
226	89	0.0103981
226	196	0.0135175
226	220	0.112151
226	221	0.0172311
226	226	64.9617
226	256	0.00445633
226	302	0.00445633
227	62	0.0162143
227	66	0.424454
227	227	38.0536
228	84	0.0295946
228	191	0.0236756
228	205	0.0446878
228	214	0.0254513
228	217	0.0195324
228	228	49.026
228	239	0.266647
228	275	0.0281148
228	312	2.72152
229	15	0.1539
229	229	32.452
230	158	0.00558524
230	198	0.1644
230	230	17.628
230	303	0.105148
231	2	0.949187
231	231	36.0688
232	27	0.00198394
232	28	0.000770236
232	110	0.0545701
232	158	0.000886939
232	164	0.00105032
232	172	0.0242508
232	224	0.000723555
232	232	21.533
232	241	0.00154047
232	249	0.00144711
232	269	0.00170386
233	77	0.996416
233	233	34.5452
234	234	35.7954
234	283	0.318374
235	6	0.00644625
235	20	0.805157
235	112	0.029528
235	121	0.0128925
235	235	33.6561
235	238	0.0981493
235	284	0.0810979
236	121	0.621235
236	236	35.1613
237	237	43.4669
238	6	0.0777656
238	33	0.0141235
238	112	0.0422551
238	132	0.267885
238	151	0.00201764
238	160	0.00870468
238	235	0.042774
238	238	42.9675
238	284	0.00870468
239	222	0.00999207
239	239	67.5538
240	240	23.9162
240	245	0.661017
241	60	0.0497124
241	107	0.00100169
241	144	0.00111617
241	241	21.2756
241	249	0.00100169
241	264	0.000543774
241	303	0.002032
242	195	0.0910241
242	242	65.4245
242	295	0.0507845
242	302	0.0528092
242	306	0.566644
243	194	1.59395
243	243	31.6413
243	253	0.00723922
244	244	36.8967
244	248	0.270079
244	320	2.01942
245	43	0.218292
245	155	0.362692
245	245	74.482
246	113	0.923361
246	144	0.00611676
246	246	55.8846
246	270	0.00197895
247	85	0.000519985
247	86	0.00129996
247	89	0.0023226
247	199	0.000814643
247	247	66.2435
247	271	0.00523451
247	287	0.000658647
247	311	0.00109197
248	6	0.0812373
248	33	0.0147009
248	112	0.127039
248	151	0.00492862
248	238	0.0397689
248	244	0.112508
248	248	41.3443
248	268	0.00586336
248	284	0.0504759
249	117	0.000558625
249	144	0.0231519
249	232	0.000744833
249	241	0.000496555
249	249	22.1488
249	264	0.000481038
249	269	0.0016138
250	153	0.47668
250	250	21.5909
251	251	28.7012
251	256	0.113362
252	6	0.313576
252	33	0.0506633
252	112	0.228338
252	160	0.00973751
252	235	0.00451595
252	248	0.00649167
252	252	40.9265
252	284	0.0351397
253	253	34.3163
254	16	0.274617
254	37	1.10235
254	156	0.00868175
254	181	0.23989
254	214	0.00936715
254	254	55.4039
254	276	0.0159927
254	287	0.579621
254	311	0.00845328
255	161	0.0174034
255	255	26.8426
255	256	0.0232558
256	86	0.00275603
256	105	0.000839585
256	122	0.00275603
256	153	0.00275603
256	166	0.0137801
256	196	0.00824983
256	205	0.107467
256	220	0.0330723
256	221	0.00275603
256	256	68.3077
256	271	0.00275603
256	275	0.000565807
256	312	0.00275603
257	257	18.0123
257	269	0.00174174
258	55	0.11649
258	258	15.8081
259	37	0.0132637
259	44	0.011388
259	99	0.0120579
259	161	1.42819
259	201	0.222535
259	215	0.00897642
259	222	0.0531886
259	256	0.00696677
259	259	89.6621
259	302	0.0403269
259	313	0.00777063
260	147	0.668014
260	260	35.5483
261	92	0.255191
261	261	29.4056
262	45	0.0244386
262	156	1.34049
262	262	35.0578
263	263	18.3834
264	95	0.103348
264	264	18.9466
265	55	0.0198854
265	64	0.00145198
265	125	0.0216547
265	139	0.000192315
265	176	0.0174237
265	265	23.0146
266	150	0.969058
266	266	34.8262
267	2	1.66116
267	267	37.4733
268	6	0.00510812
268	112	0.0368636
268	238	0.0287758
268	248	0.0316704
268	268	37.9062
268	284	0.01575
268	317	0.324706
269	42	0.0329321
269	107	0.00174494
269	198	0.000739382
269	232	0.00374128
269	269	21.6845
270	17	0.0278069
270	99	0.0365116
270	181	0.00548078
270	183	0.0120899
270	196	0.0243411
270	215	0.0132183
270	246	0.00757637
270	270	66.1277
270	282	0.00322399
270	283	0.0121705
270	319	0.0243411
271	16	0.000425691
271	17	0.00168539
271	35	0.00151164
271	45	0.00311884
271	99	0.000886132
271	183	0.000755819
271	196	0.000660255
271	199	0.000278002
271	214	0.00172014
271	217	0.0032144
271	247	0.000295377
271	256	0.00273658
271	271	66.4828
271	273	0.000443066
271	275	0.000712381
271	276	0.000877444
271	295	0.000408316
271	302	0.00060813
271	311	0.000425691
271	313	0.00228483
272	99	0.00436261
272	128	0.615354
272	272	72.026
273	159	0.860281
273	217	0.00408685
273	273	65.7393
274	274	16.175
275	67	0.00235919
275	141	0.00112061
275	275	70.6284
276	85	0.0103844
276	122	0.0207689
276	153	0.0207689
276	166	0.0103844
276	204	0.0103844
276	205	0.0103844
276	207	0.00302593
276	220	0.0286088
276	271	0.0103844
276	276	66.7867
277	159	2.47675
277	277	53.0949
278	31	0.687841
278	278	42.3011
279	279	36.3844
280	280	29.4779
281	80	0.691907
281	149	0.0185897
281	188	0.0319742
281	281	41.3264
282	14	0.00537587
282	259	0.00121046
282	282	70.3417
283	14	0.0105071
283	77	0.00204812
283	86	0.0414814
283	117	0.000280564
283	161	0.00102406
283	215	0.00210423
283	239	0.00190783
283	270	0.00210423
283	283	74.2836
283	304	0.0041804
283	319	0.0125552
284	6	0.295926
284	9	0.00743018
284	33	0.104279
284	112	0.359723
284	121	0.0307456
284	235	0.0591852
284	238	0.171919
284	248	0.0983859
284	252	0.0386882
284	260	0.0174225
284	284	43.2916
285	112	0.00571792
285	268	0.00540025
285	284	0.00540025
285	285	49.5923
286	42	0.306133
286	241	0.00163892
286	286	21.9014
287	65	0.00841438
287	130	0.602339
287	173	0.0147525
287	214	0.0234947
287	254	0.157797
287	276	0.0152989
287	287	60.8689
287	315	0.00437111
288	129	0.612208
288	175	1.08282
288	288	34.5298
289	289	33.8954
290	225	0.682334
290	290	40.517
290	294	0.0346132
290	301	0.00557972
291	291	40.8688
292	194	0.00340258
292	292	31.4253
293	52	1.10167
293	293	38.0569
293	318	0.514385
294	290	0.0225388
294	294	36.4899
295	79	0.501118
295	153	0.00675072
295	166	0.0066613
295	196	0.00675072
295	220	0.00675072
295	222	0.00147532
295	242	0.0270029
295	295	62.2506
296	58	0.060749
296	296	33.1208
297	297	37.4568
298	75	0.0431367
298	298	18.1694
299	15	0.33314
299	269	0.00394523
299	299	37.9395
300	29	0.0144988
300	203	0.109362
300	212	0.528169
300	300	33.0352
301	63	1.60535
301	290	0.0489749
301	301	42.1341
302	10	0.00132987
302	14	0.00308939
302	39	0.000634245
302	45	0.00139125
302	85	0.00261882
302	86	0.00308939
302	105	0.0440493
302	141	0.00308939
302	153	0.00926816
302	166	0.00617878
302	167	0.01113
302	195	0.0025779
302	196	0.00617878
302	204	0.00308939
302	205	0.00693578
302	220	0.00685394
302	221	0.00100252
302	222	0.0359474
302	237	0.00083884
302	256	0.0024756
302	259	0.00450109
302	295	0.000716083
302	302	73.463
303	95	0.00277856
303	107	0.0205353
303	134	0.0123733
303	198	0.00125904
303	230	0.0196236
303	241	0.00106367
303	303	20.2428
304	89	0.00419483
304	183	0.0527849
304	196	0.017595
304	215	0.00850618
304	270	0.00769051
304	283	0.0419483
304	304	63.7271
304	311	0.645654
305	195	0.0700576
305	305	64.7967
306	242	1.6601
306	306	58.8692
307	307	36.3122
308	308	39.9617
309	132	0.929659
309	269	0.0075059
309	309	40.7169
310	39	0.00979021
310	142	0.0115385
310	201	0.00541958
310	239	0.0208042
310	310	62.9184
311	201	0.00113918
311	304	0.101289
311	311	69.7086
312	17	0.00267414
312	35	0.000806486
312	44	0.000742816
312	148	0.0012734
312	228	0.227132
312	256	0.0019101
312	312	72.1087
312	313	0.00248313
313	86	0.0432776
313	90	0.791979
313	166	0.287651
313	183	0.0871321
313	204	0.0435661
313	205	0.329486
313	271	0.0868436
313	312	0.0435661
313	313	50.1261
314	150	0.631309
314	314	38.7622
314	320	1.63445
315	173	0.0057047
315	315	69.8859
316	29	0.248021
316	68	0.307199
316	114	0.916321
316	225	0.0339239
316	316	34.7787
317	87	0.934888
317	268	1.24955
317	317	36.2974
318	225	1.3715
318	293	1.06184
318	318	34.392
319	89	0.00164312
319	122	0.00562311
319	141	0.00146055
319	195	0.00270201
319	270	0.0120495
319	275	0.00164312
319	276	0.00617081
319	283	0.0329718
319	319	74.6468
320	244	0.998007
320	314	1.60414
320	320	34.2429
321	26	0.738449
321	112	0.0261964
321	321	33.0745
322	4	0.595463
322	322	31.744
