NIOZ130_sc148_1	5148	862	0
NIOZ130_sc195_1	6762	1404	0
NIOZ130_sc240_1	3445	335	0
NIOZ130_sc247_1	2890	378	0
NIOZ130_sc342_1	3828	551	0
NIOZ130_sc388_1	8746	1304	0
NIOZ130_sc402_1	2807	830	0
NIOZ130_sc458_1	3000	421	0
NIOZ130_sc461_1	3476	432	0
NIOZ130_sc493_1	10604	2090	0
NIOZ130_sc543_1	6936	1151	0
NIOZ130_sc544_1	3287	491	0
NIOZ130_sc550_1	9000	1327	0
NIOZ130_sc603_1	3788	524	0
NIOZ130_sc618_1	3328	620	0
NIOZ130_sc643_1	26299	5575	0
NIOZ130_sc655_1	14905	3488	0
NIOZ130_sc673_1	3693	546	0
NIOZ130_sc745_1	5591	1241	0
NIOZ130_sc758_1	4759	592	0
NIOZ130_sc759_1	4498	1536	0
NIOZ130_sc857_1	3092	498	0
NIOZ130_sc877_1	3007	334	0
NIOZ130_sc899_1	2564	409	0
NIOZ130_sc915_1	2874	1090	0
NIOZ130_sc921_1	3552	389	0
NIOZ130_sc1002_1	29888	6786	0
NIOZ130_sc1003_1	2868	499	0
NIOZ130_sc1008_1	9328	1536	0
NIOZ130_sc1019_1	76127	18830	0
NIOZ130_sc1039_1	12672	3256	0
NIOZ130_sc1104_1	11948	1851	0
NIOZ130_sc1122_1	27521	6862	0
NIOZ130_sc1127_1	2756	317	0
NIOZ130_sc1181_1	3357	832	0
NIOZ130_sc1282_1	11656	1317	0
NIOZ130_sc1291_1	4870	597	0
NIOZ130_sc1294_1	3991	554	0
NIOZ130_sc1309_1	10542	1526	0
NIOZ130_sc1326_1	5982	802	0
NIOZ130_sc1352_1	3579	407	0
NIOZ130_sc1422_1	2583	425	0
NIOZ130_sc1457_1	3870	556	0
NIOZ130_sc1507_1	3640	1603	0
NIOZ130_sc1512_1	4934	950	0
NIOZ130_sc1533_1	6029	1264	0
NIOZ130_sc1642_1	2798	256	0
NIOZ130_sc1651_1	7477	1877	0
NIOZ130_sc1674_1	5590	1012	0
NIOZ130_sc1713_1	8959	1151	0
NIOZ130_sc1730_1	6249	1068	0
NIOZ130_sc1741_1	5055	719	0
NIOZ130_sc1790_1	5105	604	0
NIOZ130_sc1809_1	3128	728	0
NIOZ130_sc1816_1	6715	1742	0
NIOZ130_sc1837_1	118422	28237	0
NIOZ130_sc1842_1	13789	1569	0
NIOZ130_sc1843_1	2524	422	0
NIOZ130_sc1851_1	10004	1748	0
NIOZ130_sc1852_1	4211	634	0
NIOZ130_sc1926_1	2886	313	0
NIOZ130_sc1981_1	3335	732	0
NIOZ130_sc2042_1	5738	1485	0
NIOZ130_sc2046_1	3903	457	0
NIOZ130_sc2048_1	3161	559	0
NIOZ130_sc2074_1	11517	2239	0
NIOZ130_sc2132_1	2693	589	0
NIOZ130_sc2156_1	3585	1037	0
NIOZ130_sc2201_1	4307	552	0
NIOZ130_sc2242_1	27150	6355	0
NIOZ130_sc2282_1	49555	13075	0
NIOZ130_sc2313_1	7469	3260	0
NIOZ130_sc2377_1	4996	2649	0
NIOZ130_sc2393_1	4725	733	0
NIOZ130_sc2418_1	4664	1027	0
NIOZ130_sc2420_1	3293	773	0
NIOZ130_sc2427_1	2687	277	0
NIOZ130_sc2435_1	3373	528	0
NIOZ130_sc2446_1	17736	3913	0
NIOZ130_sc2484_1	3083	388	0
NIOZ130_sc2523_1	2620	342	0
NIOZ130_sc2527_1	5648	885	0
NIOZ130_sc2543_1	5837	711	0
NIOZ130_sc2548_1	2849	413	0
NIOZ130_sc2566_1	4474	1364	0
NIOZ130_sc2579_1	2507	338	0
NIOZ130_sc2580_1	2682	517	0
NIOZ130_sc2584_1	2578	321	0
NIOZ130_sc2601_1	6370	912	0
NIOZ130_sc2619_1	10113	1721	0
NIOZ130_sc2634_1	30730	6515	0
NIOZ130_sc2644_1	3718	463	0
NIOZ130_sc2670_1	2709	617	0
NIOZ130_sc2671_1	3017	409	0
NIOZ130_sc2703_1	3895	496	0
NIOZ130_sc2713_1	7098	1228	0
NIOZ130_sc2725_1	59586	13634	0
NIOZ130_sc2741_1	7975	1753	0
NIOZ130_sc2808_1	5116	740	0
NIOZ130_sc2850_1	25272	5533	0
NIOZ130_sc2915_1	11077	1576	0
NIOZ130_sc2927_1	2513	808	0
NIOZ130_sc2941_1	5328	802	0
NIOZ130_sc2965_1	5337	878	0
NIOZ130_sc2977_1	3054	366	0
NIOZ130_sc2978_1	4519	766	0
NIOZ130_sc2981_1	5245	713	0
NIOZ130_sc3017_1	22827	4814	0
NIOZ130_sc3020_1	34682	7679	0
NIOZ130_sc3025_1	24301	5725	0
NIOZ130_sc3056_1	9795	3939	0
NIOZ130_sc3093_1	9126	1951	0
NIOZ130_sc3135_1	6005	1158	0
NIOZ130_sc3174_1	4492	1245	0
NIOZ130_sc3199_1	2727	401	0
NIOZ130_sc3207_1	5140	823	0
NIOZ130_sc3240_1	2986	355	0
NIOZ130_sc3243_1	6216	877	0
NIOZ130_sc3259_1	4510	660	0
NIOZ130_sc3284_1	3723	819	0
NIOZ130_sc3308_1	2553	219	0
NIOZ130_sc3346_1	4139	1163	0
NIOZ130_sc3369_1	4608	636	0
NIOZ130_sc3399_1	2540	415	0
NIOZ130_sc3409_1	4012	654	0
NIOZ130_sc3410_1	145165	37735	0
NIOZ130_sc3446_1	2910	439	0
NIOZ130_sc3470_1	3535	498	0
NIOZ130_sc3486_1	8144	1293	0
NIOZ130_sc3493_1	2996	487	0
NIOZ130_sc3530_1	5045	777	0
NIOZ130_sc3548_1	4356	1175	0
NIOZ130_sc3564_1	33018	7149	0
NIOZ130_sc3565_1	2500	949	0
NIOZ130_sc3600_1	3713	617	0
NIOZ130_sc3618_1	2639	647	0
NIOZ130_sc3644_1	5614	748	0
NIOZ130_sc3661_1	5760	1301	0
NIOZ130_sc3668_1	2554	287	0
NIOZ130_sc3706_1	5751	1469	0
NIOZ130_sc3724_1	15432	2113	0
NIOZ130_sc3730_1	8518	1346	0
NIOZ130_sc3805_1	17030	3708	0
NIOZ130_sc3899_1	2612	432	0
NIOZ130_sc3912_1	5327	1170	0
NIOZ130_sc3919_1	4176	591	0
NIOZ130_sc3928_1	4702	854	0
NIOZ130_sc3940_1	10672	1454	0
NIOZ130_sc3943_1	2527	311	0
NIOZ130_sc3964_1	3669	673	0
NIOZ130_sc3980_1	46061	10472	0
NIOZ130_sc3984_1	2504	399	0
NIOZ130_sc3997_1	5414	789	0
NIOZ130_sc4013_1	3587	645	0
NIOZ130_sc4073_1	3909	437	0
NIOZ130_sc4074_1	6938	876	0
NIOZ130_sc4117_1	4782	695	0
NIOZ130_sc4120_1	5903	1288	0
NIOZ130_sc4122_1	3042	537	0
NIOZ130_sc4193_1	23594	5345	0
NIOZ130_sc4212_1	17554	2496	0
NIOZ130_sc4227_1	2938	517	0
NIOZ130_sc4246_1	35038	6581	0
NIOZ130_sc4279_1	3414	763	0
NIOZ130_sc4295_1	5333	713	0
NIOZ130_sc4296_1	11727	3142	0
NIOZ130_sc4307_1	2635	339	0
NIOZ130_sc4350_1	6897	931	0
NIOZ130_sc4368_1	3238	399	0
NIOZ130_sc4377_1	48251	11591	0
NIOZ130_sc4381_1	2995	632	0
NIOZ130_sc4414_1	5737	842	0
NIOZ130_sc4427_1	2932	240	0
NIOZ130_sc4459_1	39497	8982	0
NIOZ130_sc4494_1	12587	3028	0
NIOZ130_sc4496_1	2939	313	0
NIOZ130_sc4505_1	72833	17049	0
NIOZ130_sc4507_1	4083	474	0
NIOZ130_sc4528_1	3595	235	0
NIOZ130_sc4535_1	5036	598	0
NIOZ130_sc4546_1	3577	681	0
NIOZ130_sc4560_1	2721	405	0
NIOZ130_sc4570_1	6434	1748	0
NIOZ130_sc4594_1	3524	815	0
NIOZ130_sc4651_1	18993	4843	0
NIOZ130_sc4692_1	16190	2334	0
NIOZ130_sc4710_1	2770	361	0
NIOZ130_sc4759_1	2962	452	0
NIOZ130_sc4900_1	4348	588	0
NIOZ130_sc4912_1	2885	313	0
NIOZ130_sc4984_1	16060	3942	0
NIOZ130_sc5013_1	12257	1537	0
NIOZ130_sc5021_1	26491	6423	0
NIOZ130_sc5037_1	4786	864	0
NIOZ130_sc5043_1	3202	456	0
NIOZ130_sc5051_1	3489	485	0
NIOZ130_sc5065_1	9900	1348	0
NIOZ130_sc5108_1	3294	541	0
NIOZ130_sc5115_1	17317	4249	0
NIOZ130_sc5130_1	2611	422	0
NIOZ130_sc5136_1	6062	1084	0
NIOZ130_sc5139_1	12636	2674	0
NIOZ130_sc5147_1	6172	1839	0
NIOZ130_sc5207_1	8517	1378	0
NIOZ130_sc5213_1	2654	596	0
NIOZ130_sc5221_1	3687	578	0
NIOZ130_sc5280_1	3028	366	0
NIOZ130_sc5289_1	13670	1961	0
NIOZ130_sc5366_1	38517	8611	0
NIOZ130_sc5409_1	2792	367	0
NIOZ130_sc5446_1	6303	678	0
NIOZ130_sc5455_1	4648	993	0
NIOZ130_sc5469_1	30086	7742	0
NIOZ130_sc5513_1	2763	347	0
NIOZ130_sc5559_1	47114	12160	0
NIOZ130_sc5654_1	2651	328	0
NIOZ130_sc5658_1	2978	429	0
NIOZ130_sc5672_1	4815	1315	0
NIOZ130_sc5685_1	4789	651	0
NIOZ130_sc5693_1	3721	464	0
NIOZ130_sc5727_1	3223	606	0
NIOZ130_sc5732_1	66044	16692	0
NIOZ130_sc5775_1	2723	361	0
NIOZ130_sc5783_1	28527	7901	0
NIOZ130_sc5804_1	14139	3464	0
NIOZ130_sc5858_1	2518	377	0
NIOZ130_sc5919_1	2823	284	0
NIOZ130_sc5920_1	13000	2665	0
NIOZ130_sc6016_1	6887	1252	0
NIOZ130_sc6071_1	4262	537	0
NIOZ130_sc6124_1	2524	335	0
NIOZ130_sc6129_1	115155	26884	0
NIOZ130_sc6131_1	15323	3257	0
NIOZ130_sc6205_1	4272	297	0
NIOZ130_sc6212_1	6088	1059	0
NIOZ130_sc6215_1	5969	753	0
NIOZ130_sc6249_1	2699	451	0
NIOZ130_sc6260_1	22275	4891	0
NIOZ130_sc6285_1	3952	371	0
NIOZ130_sc6315_1	3239	454	0
NIOZ130_sc6332_1	3291	1319	0
NIOZ130_sc6335_1	3086	693	0
NIOZ130_sc6342_1	5176	793	0
NIOZ130_sc6352_1	2994	420	0
NIOZ130_sc6426_1	5617	789	0
NIOZ130_sc6592_1	73433	19139	0
NIOZ130_sc6598_1	5456	742	0
NIOZ130_sc6600_1	5109	535	0
NIOZ130_sc6604_1	5788	848	0
NIOZ130_sc6632_1	3375	685	0
NIOZ130_sc6651_1	27418	6932	0
NIOZ130_sc6656_1	3350	592	0
NIOZ130_sc6696_1	8661	1301	0
NIOZ130_sc6725_1	3904	517	0
NIOZ130_sc6743_1	3220	480	0
NIOZ130_sc6753_1	3727	556	0
NIOZ130_sc6836_1	3635	517	0
NIOZ130_sc6890_1	4727	602	0
NIOZ130_sc6892_1	82849	20031	0
NIOZ130_sc6912_1	76742	16362	0
NIOZ130_sc6915_1	3300	451	0
NIOZ130_sc7009_1	2967	530	0
NIOZ130_sc7062_1	4362	582	0
NIOZ130_sc7097_1	6439	1383	0
NIOZ130_sc7168_1	14414	3438	0
NIOZ130_sc7211_1	4928	1201	0
NIOZ130_sc7212_1	3719	526	0
NIOZ130_sc7223_1	3545	987	0
NIOZ130_sc7236_1	17756	4043	0
NIOZ130_sc7238_1	3187	883	0
NIOZ130_sc7243_1	2987	461	0
NIOZ130_sc7244_1	3282	514	0
NIOZ130_sc7318_1	5294	579	0
NIOZ130_sc7333_1	2533	660	0
NIOZ130_sc7409_1	65983	14788	0
NIOZ130_sc7493_1	6991	1800	0
NIOZ130_sc7497_1	3529	515	0
NIOZ130_sc7508_1	2828	402	0
NIOZ130_sc7521_1	40751	12337	0
NIOZ130_sc7539_1	3525	745	0
NIOZ130_sc7542_1	5423	942	0
NIOZ130_sc7557_1	4426	706	0
NIOZ130_sc7571_1	5546	888	0
NIOZ130_sc7573_1	2692	470	0
NIOZ130_sc7600_1	3858	547	0
NIOZ130_sc7626_1	17488	3529	0
NIOZ130_sc7646_1	57878	11969	0
NIOZ130_sc7652_1	3070	472	0
NIOZ130_sc7681_1	2504	719	0
NIOZ130_sc7685_1	3052	428	0
NIOZ130_sc7727_1	2523	357	0
NIOZ130_sc7744_1	3583	442	0
NIOZ130_sc7763_1	13821	3768	0
NIOZ130_sc7767_1	5139	885	0
NIOZ130_sc7778_1	8743	1315	0
NIOZ130_sc7806_1	2883	1223	0
NIOZ130_sc7820_1	3540	823	0
NIOZ130_sc7840_1	17883	2741	0
NIOZ130_sc7854_1	4395	530	0
NIOZ130_sc7877_1	4383	1033	0
NIOZ130_sc7899_1	6134	861	0
NIOZ130_sc7913_1	7521	1035	0
NIOZ130_sc7915_1	2714	1688	0
NIOZ130_sc7924_1	3324	468	0
NIOZ130_sc7951_1	4748	602	0
NIOZ130_sc7969_1	4609	655	0
NIOZ130_sc7990_1	9517	1402	0
NIOZ130_sc7991_1	6527	899	0
NIOZ130_sc8055_1	40864	8443	0
NIOZ130_sc8087_1	9251	2566	0
NIOZ130_sc8104_1	2646	384	0
NIOZ130_sc8127_1	4169	538	0
NIOZ130_sc8168_1	3618	543	0
NIOZ130_sc8180_1	2752	377	0
NIOZ130_sc8191_1	2672	530	0
NIOZ130_sc8192_1	102524	25096	0
NIOZ130_sc8196_1	5412	900	0
*	0	0	0
