NIOZ130_sc148_1	16.4376	17.8441	8.65626
NIOZ130_sc195_1	14.6298	27.722	24.2583
NIOZ130_sc240_1	18.8807	14.2039	8.56995
NIOZ130_sc247_1	16.5847	17.8982	7.03723
NIOZ130_sc342_1	16.469	18.6979	6.93312
NIOZ130_sc388_1	15.9059	16.4573	8.13902
NIOZ130_sc402_1	4.21754	10.2548	6.92096
NIOZ130_sc458_1	13.0323	12.2733	7.18175
NIOZ130_sc461_1	12.3422	14.3767	7.5457
NIOZ130_sc493_1	17.4675	21.0889	7.72986
NIOZ130_sc543_1	13.7918	15.9142	7.88756
NIOZ130_sc544_1	15.5429	15.6172	7.99617
NIOZ130_sc550_1	16.4487	18.206	8.44441
NIOZ130_sc603_1	15.1839	17.569	9.20451
NIOZ130_sc618_1	9.41567	18.5947	18.0708
NIOZ130_sc643_1	15.061	27.1865	22.6562
NIOZ130_sc655_1	17.9369	28.1946	26.6533
NIOZ130_sc673_1	12.9814	15.0079	6.99633
NIOZ130_sc745_1	15.7798	26.3056	24.2207
NIOZ130_sc758_1	15.8457	17.0965	8.01692
NIOZ130_sc759_1	17.6244	33.0382	24.2574
NIOZ130_sc857_1	12.7542	16.9589	6.86778
NIOZ130_sc877_1	14.9902	14.0735	6.84179
NIOZ130_sc899_1	4.93413	10.8737	6.5435
NIOZ130_sc915_1	4.12408	8.44126	6.8906
NIOZ130_sc921_1	10.4921	14.1523	13.3839
NIOZ130_sc1002_1	15.8835	29.7154	23.7848
NIOZ130_sc1003_1	4.3738	8.95843	4.95291
NIOZ130_sc1008_1	12.8408	21.5782	19.2951
NIOZ130_sc1019_1	16.9075	30.9022	26.021
NIOZ130_sc1039_1	16.7319	30.2642	25.5684
NIOZ130_sc1104_1	16.4018	17.5831	8.198
NIOZ130_sc1122_1	16.3208	32.2314	24.2525
NIOZ130_sc1127_1	13.8588	14.9094	7.79125
NIOZ130_sc1181_1	13.7767	30.869	27.1475
NIOZ130_sc1282_1	12.9231	14.39	8.16939
NIOZ130_sc1291_1	13.8428	15.9	7.60191
NIOZ130_sc1294_1	16.6787	17.2549	7.58344
NIOZ130_sc1309_1	16.5526	17.4244	7.41253
NIOZ130_sc1326_1	12.1632	14.6469	7.28789
NIOZ130_sc1352_1	12.3675	14.8256	7.15661
NIOZ130_sc1422_1	9.63132	17.9096	13.7752
NIOZ130_sc1457_1	5.29624	15.4772	17.2796
NIOZ130_sc1507_1	3.71662	7.84355	7.30688
NIOZ130_sc1512_1	14.8595	20.237	7.88169
NIOZ130_sc1533_1	14.6583	27.0044	25.7328
NIOZ130_sc1642_1	10.5774	11.9789	4.63822
NIOZ130_sc1651_1	15.8778	29.639	24.6296
NIOZ130_sc1674_1	19.4004	19.3822	8.45735
NIOZ130_sc1713_1	13.8777	16.5417	7.95051
NIOZ130_sc1730_1	13.0167	15.2432	9.04755
NIOZ130_sc1741_1	17.6253	19.2137	8.32192
NIOZ130_sc1790_1	12.6369	15.4819	6.78022
NIOZ130_sc1809_1	3.137	8.91437	5.79281
NIOZ130_sc1816_1	17.5787	28.166	24.3145
NIOZ130_sc1837_1	17.1662	31.4181	26.176
NIOZ130_sc1842_1	15.4624	15.3852	8.07765
NIOZ130_sc1843_1	13.5282	18.6512	8.45703
NIOZ130_sc1851_1	12.0048	23.8382	17.9136
NIOZ130_sc1852_1	18.3388	18.6205	7.74908
NIOZ130_sc1926_1	12.9938	14.8918	7.36952
NIOZ130_sc1981_1	12.3928	25.0446	18.8986
NIOZ130_sc2042_1	15.1358	32.5589	24.918
NIOZ130_sc2046_1	14.4042	15.1521	6.52811
NIOZ130_sc2048_1	16.9409	15.1717	7.56759
NIOZ130_sc2074_1	10.4645	22.2171	21.2367
NIOZ130_sc2132_1	12.0763	26.2175	18.8702
NIOZ130_sc2156_1	4.65357	7.32635	6.03261
NIOZ130_sc2201_1	13.2403	16.9459	6.0166
NIOZ130_sc2242_1	15.9171	30.999	24.54
NIOZ130_sc2282_1	17.6184	33.5366	26.7681
NIOZ130_sc2313_1	22.0954	40.3965	32.6674
NIOZ130_sc2377_1	18.4515	18.005	7.92241
NIOZ130_sc2393_1	15.6472	19.9056	9.33749
NIOZ130_sc2418_1	18.2444	17.9874	10.8622
NIOZ130_sc2420_1	13.447	28.4693	25.16
NIOZ130_sc2427_1	12.4131	14.7935	9.18999
NIOZ130_sc2435_1	16.4756	18.5498	10.0552
NIOZ130_sc2446_1	14.7692	28.499	22.7286
NIOZ130_sc2484_1	13.5656	13.2247	7.46267
NIOZ130_sc2523_1	17.8733	17.6194	7.87611
NIOZ130_sc2527_1	20.9314	21.2832	9.16024
NIOZ130_sc2543_1	14.1326	14.6856	8.90821
NIOZ130_sc2548_1	15.8837	17.5465	6.54502
NIOZ130_sc2566_1	15.3286	26.6445	23.3795
NIOZ130_sc2579_1	19.2906	15.5405	8.05515
NIOZ130_sc2580_1	14.9972	17.5549	8.46011
NIOZ130_sc2584_1	11.3068	14.1149	6.55519
NIOZ130_sc2601_1	13.996	16.3151	8.08537
NIOZ130_sc2619_1	12.0306	14.3496	7.56088
NIOZ130_sc2634_1	16.0295	28.6782	24.391
NIOZ130_sc2644_1	13.7203	15.2618	7.31082
NIOZ130_sc2670_1	12.5197	28.6346	22.8667
NIOZ130_sc2671_1	14.9983	16.1831	8.10429
NIOZ130_sc2703_1	13.5308	16.678	6.71482
NIOZ130_sc2713_1	16.6425	17.8443	7.9158
NIOZ130_sc2725_1	16.0133	28.8186	24.9033
NIOZ130_sc2741_1	14.6183	27.7896	23.0696
NIOZ130_sc2808_1	15.1895	17.3441	8.42791
NIOZ130_sc2850_1	17.854	26.8262	24.1809
NIOZ130_sc2915_1	14.9314	17.4008	7.56191
NIOZ130_sc2927_1	1.85823	3.08845	5.04401
NIOZ130_sc2941_1	14.0809	16.5464	6.12379
NIOZ130_sc2965_1	18.2092	19.2051	7.84268
NIOZ130_sc2977_1	12.9821	14.3292	8.97211
NIOZ130_sc2978_1	16.5154	18.4447	11.4846
NIOZ130_sc2981_1	13.61	16.1097	7.51678
NIOZ130_sc3017_1	14.2093	28.0106	23.6473
NIOZ130_sc3020_1	15.3719	28.327	22.4915
NIOZ130_sc3025_1	16.1215	30.8893	23.555
NIOZ130_sc3056_1	17.3913	31.8565	26.0311
NIOZ130_sc3093_1	16.8955	31.1338	22.5557
NIOZ130_sc3135_1	13.9812	26.9573	21.8132
NIOZ130_sc3174_1	16.8148	30.5868	23.1647
NIOZ130_sc3199_1	13.052	20.0539	9.00349
NIOZ130_sc3207_1	17.3493	15.6269	7.22445
NIOZ130_sc3240_1	15.5437	16.982	7.28456
NIOZ130_sc3243_1	9.97461	17.6873	16.1896
NIOZ130_sc3259_1	13.3028	16.2975	7.21353
NIOZ130_sc3284_1	12.8883	25.9916	22.5987
NIOZ130_sc3308_1	3.56013	10.871	9.74407
NIOZ130_sc3346_1	17.1817	35.9611	26.2983
NIOZ130_sc3369_1	16.9495	18.8149	9.06056
NIOZ130_sc3399_1	13.7473	14.4845	7.10377
NIOZ130_sc3409_1	21.2812	22.9832	8.26282
NIOZ130_sc3410_1	17.9822	33.4165	27.3164
NIOZ130_sc3446_1	12.7942	18.6993	8.5
NIOZ130_sc3470_1	13.2934	17.0549	8.28567
NIOZ130_sc3486_1	12.7996	15.3645	8.17551
NIOZ130_sc3493_1	16.2576	16.3387	7.34259
NIOZ130_sc3530_1	14.1947	15.4995	9.17753
NIOZ130_sc3548_1	16.3968	28.6348	22.4173
NIOZ130_sc3564_1	16.1776	29.0926	24.0477
NIOZ130_sc3565_1	8.45957	13.2464	6.34808
NIOZ130_sc3600_1	12.2077	15.1019	6.77772
NIOZ130_sc3618_1	17.0076	31.3748	25.2885
NIOZ130_sc3644_1	16.1519	16.1722	7.39623
NIOZ130_sc3661_1	12.5722	27.1654	25.4132
NIOZ130_sc3668_1	14.5183	15.473	7.16057
NIOZ130_sc3706_1	15.9473	29.9859	26.8452
NIOZ130_sc3724_1	10.1913	17.2893	14.9898
NIOZ130_sc3730_1	14.3711	15.6082	8.30796
NIOZ130_sc3805_1	14.0712	28.2437	22.7966
NIOZ130_sc3899_1	13.383	16.5378	8.66572
NIOZ130_sc3912_1	16.9844	29.6639	24.5268
NIOZ130_sc3919_1	18.3741	20.0681	7.14257
NIOZ130_sc3928_1	10.1522	19.8917	14.5927
NIOZ130_sc3940_1	15.8315	16.8799	8.36077
NIOZ130_sc3943_1	13.3345	15.395	7.62305
NIOZ130_sc3964_1	14.0429	20.7249	9.05399
NIOZ130_sc3980_1	16.2823	30.3475	26.0904
NIOZ130_sc3984_1	18.2192	19.0697	7.41121
NIOZ130_sc3997_1	15.1636	18.2601	8.33378
NIOZ130_sc4013_1	14.5156	15.5412	7.35496
NIOZ130_sc4073_1	15.3679	15.1479	7.15642
NIOZ130_sc4074_1	15.0759	16.5744	6.74691
NIOZ130_sc4117_1	15.2627	17.3659	7.56002
NIOZ130_sc4120_1	17.831	28.9089	25.9739
NIOZ130_sc4122_1	18.5211	17.2808	8.03354
NIOZ130_sc4193_1	15.7203	28.0373	25.5438
NIOZ130_sc4212_1	17.7955	18.4256	8.84613
NIOZ130_sc4227_1	16.5703	20.7321	9.58465
NIOZ130_sc4246_1	12.6911	23.7221	19.1392
NIOZ130_sc4279_1	12.686	26.06	23.5441
NIOZ130_sc4295_1	12.2749	17.0868	7.14741
NIOZ130_sc4296_1	16.2153	30.9952	25.2842
NIOZ130_sc4307_1	9.90785	12.8213	9.52153
NIOZ130_sc4350_1	18.2776	18.7068	6.88573
NIOZ130_sc4368_1	16.5907	16.0625	7.73154
NIOZ130_sc4377_1	16.0723	30.2	25.5758
NIOZ130_sc4381_1	16.4415	27.1638	21.5873
NIOZ130_sc4414_1	13.0408	17.6393	7.44049
NIOZ130_sc4427_1	7.04026	11.6869	7.23364
NIOZ130_sc4459_1	15.4004	29.7337	23.1585
NIOZ130_sc4494_1	16.0258	30.7296	23.8997
NIOZ130_sc4496_1	13.6397	13.2696	6.59412
NIOZ130_sc4505_1	15.7948	29.9856	24.4704
NIOZ130_sc4507_1	11.5713	14.7122	7.24638
NIOZ130_sc4528_1	5.51059	7.77707	9.15849
NIOZ130_sc4535_1	14.9394	15.4546	7.13385
NIOZ130_sc4546_1	15.9253	25.9699	23.1973
NIOZ130_sc4560_1	22.0097	18.0229	9.33567
NIOZ130_sc4570_1	16.5791	28.2683	20.9058
NIOZ130_sc4594_1	16.7413	17.1218	8.70391
NIOZ130_sc4651_1	17.6885	33.2096	27.1883
NIOZ130_sc4692_1	15.4827	17.7971	8.43859
NIOZ130_sc4710_1	16.9973	18.2981	7.69237
NIOZ130_sc4759_1	15.25	21.0526	7.15078
NIOZ130_sc4900_1	15.1174	15.5865	9.49119
NIOZ130_sc4912_1	10.2285	14.4563	7.0596
NIOZ130_sc4984_1	14.606	27.0006	20.5249
NIOZ130_sc5013_1	13.4456	15.3827	7.30817
NIOZ130_sc5021_1	15.3595	32.2525	24.3078
NIOZ130_sc5037_1	14.9092	16.4105	8.34081
NIOZ130_sc5043_1	15.1868	18.941	8.80832
NIOZ130_sc5051_1	16.3789	19.9125	9.95178
NIOZ130_sc5065_1	11.5303	18.0435	14.3857
NIOZ130_sc5108_1	16.0512	12.8139	7.71438
NIOZ130_sc5115_1	16.8564	31.3483	25.5145
NIOZ130_sc5130_1	14.4104	17.1203	6.85006
NIOZ130_sc5136_1	15.1171	14.4205	7.31343
NIOZ130_sc5139_1	14.7295	27.6041	24.1233
NIOZ130_sc5147_1	13.2516	27.7212	23.9004
NIOZ130_sc5207_1	12.973	15.706	7.56436
NIOZ130_sc5213_1	13.6705	31.8518	28.4233
NIOZ130_sc5221_1	17.8024	20.9324	8.80492
NIOZ130_sc5280_1	16.9291	14.4291	8.09868
NIOZ130_sc5289_1	14.573	15.2398	6.93972
NIOZ130_sc5366_1	15.3699	28.8943	24.0387
NIOZ130_sc5409_1	4.68547	8.19985	8.85731
NIOZ130_sc5446_1	15.6038	14.2205	8.74321
NIOZ130_sc5455_1	12.4858	26.7537	17.8988
NIOZ130_sc5469_1	16.2076	31.1798	26.0709
NIOZ130_sc5513_1	12.0739	14.2549	7.17757
NIOZ130_sc5559_1	15.9016	32.1759	24.6086
NIOZ130_sc5654_1	15.3727	15.4006	7.51699
NIOZ130_sc5658_1	13.64	18.668	6.44519
NIOZ130_sc5672_1	16.2549	32.6707	26.421
NIOZ130_sc5685_1	16.3611	14.3167	6.60832
NIOZ130_sc5693_1	13.4595	12.2075	6.6662
NIOZ130_sc5727_1	13.4849	14.1383	6.71201
NIOZ130_sc5732_1	15.8102	31.1743	26.513
NIOZ130_sc5775_1	15.1073	17.9444	7.27089
NIOZ130_sc5783_1	16.0418	31.395	27.0445
NIOZ130_sc5804_1	16.326	29.2058	24.8728
NIOZ130_sc5858_1	14.5929	20.6047	6.01731
NIOZ130_sc5919_1	8.93154	11.5099	5.71755
NIOZ130_sc5920_1	14.59	26.6325	23.2707
NIOZ130_sc6016_1	14.9647	21.1809	18.4751
NIOZ130_sc6071_1	16.5783	16.6221	7.11017
NIOZ130_sc6124_1	17.3534	18.2304	6.63648
NIOZ130_sc6129_1	15.9957	29.7469	24.5802
NIOZ130_sc6131_1	11.0633	25.7041	22.2593
NIOZ130_sc6205_1	3.5507	8.17952	10.6194
NIOZ130_sc6212_1	17.1361	18.0115	8.61839
NIOZ130_sc6215_1	16.6771	15.4965	7.29919
NIOZ130_sc6249_1	4.43939	12.9698	14.3652
NIOZ130_sc6260_1	14.5066	27.2694	21.9984
NIOZ130_sc6285_1	8.69253	10.4992	4.84534
NIOZ130_sc6315_1	14.0388	17.3759	8.53415
NIOZ130_sc6332_1	4.18943	8.98886	7.17415
NIOZ130_sc6335_1	6.99046	17.0341	15.3099
NIOZ130_sc6342_1	14.8643	17.3482	8.12137
NIOZ130_sc6352_1	12.7155	17.7764	8.3161
NIOZ130_sc6426_1	15.4185	15.6922	7.15438
NIOZ130_sc6592_1	17.7651	32.0708	27.2501
NIOZ130_sc6598_1	15.637	18.7443	9.3089
NIOZ130_sc6600_1	18.0428	14.0226	7.38516
NIOZ130_sc6604_1	18.7208	18.3682	8.8503
NIOZ130_sc6632_1	12.3888	11.0493	7.45519
NIOZ130_sc6651_1	17.0799	32.8178	25.1812
NIOZ130_sc6656_1	15.3484	17.07	8.40031
NIOZ130_sc6696_1	17.0149	16.5068	8.44977
NIOZ130_sc6725_1	17.9787	18.2624	8.93021
NIOZ130_sc6743_1	15.1433	18.6661	8.37329
NIOZ130_sc6753_1	19.5337	19.9737	7.20296
NIOZ130_sc6836_1	17.697	18.1438	8.24333
NIOZ130_sc6890_1	14.4922	15.9185	8.2541
NIOZ130_sc6892_1	16.9359	31.9641	26.1025
NIOZ130_sc6912_1	15.2008	27.4498	23.096
NIOZ130_sc6915_1	12.8717	17.1851	6.63206
NIOZ130_sc7009_1	12.4924	16.1193	7.84274
NIOZ130_sc7062_1	13.2443	16.9862	8.19896
NIOZ130_sc7097_1	17.847	28.9631	20.9308
NIOZ130_sc7168_1	14.0706	29.1792	21.9272
NIOZ130_sc7211_1	15.2384	26.4818	22.0132
NIOZ130_sc7212_1	15.0434	16.5587	8.76884
NIOZ130_sc7223_1	4.44389	12.0359	8.21178
NIOZ130_sc7236_1	16.9622	31.9614	27.842
NIOZ130_sc7238_1	9.99704	21.8594	16.3783
NIOZ130_sc7243_1	14.7032	17.3789	7.88368
NIOZ130_sc7244_1	16.4939	16.9652	7.00798
NIOZ130_sc7318_1	14.9646	14.2397	8.14405
NIOZ130_sc7333_1	19.0227	37.6765	31.3131
NIOZ130_sc7409_1	15.4773	28.9192	24.3688
NIOZ130_sc7493_1	17.12	28.4783	23.0468
NIOZ130_sc7497_1	16.1557	14.7526	6.79521
NIOZ130_sc7508_1	14.4866	17.5508	7.88835
NIOZ130_sc7521_1	16.5653	32.9033	25.5587
NIOZ130_sc7539_1	11.8566	16.9428	6.992
NIOZ130_sc7542_1	17.6937	17.4093	8.49251
NIOZ130_sc7557_1	14.6684	17.8134	6.68592
NIOZ130_sc7571_1	10.8201	21.3023	21.4954
NIOZ130_sc7573_1	3.29504	7.00472	5.49292
NIOZ130_sc7600_1	15.452	16.6707	9.06715
NIOZ130_sc7626_1	16.364	27.5871	23.5776
NIOZ130_sc7646_1	15.1588	27.4362	23.6909
NIOZ130_sc7652_1	13.3866	18.9908	7.70445
NIOZ130_sc7681_1	4.51742	8.58241	5.97494
NIOZ130_sc7685_1	13.795	17.9018	7.43832
NIOZ130_sc7727_1	19.0434	17.7598	6.95407
NIOZ130_sc7744_1	18.2071	17.1515	8.27643
NIOZ130_sc7763_1	16.2425	33.4368	25.1249
NIOZ130_sc7767_1	14.659	19.5129	10.1445
NIOZ130_sc7778_1	16.3378	19.6938	8.02106
NIOZ130_sc7806_1	4.72228	9.89133	5.90194
NIOZ130_sc7820_1	14.551	30.9006	26.6286
NIOZ130_sc7840_1	15.5711	17.5722	8.54373
NIOZ130_sc7854_1	12.7131	15.0188	7.10648
NIOZ130_sc7877_1	16.231	30.7798	26.214
NIOZ130_sc7899_1	12.2675	15.2956	7.25602
NIOZ130_sc7913_1	17.375	17.0743	8.16755
NIOZ130_sc7915_1	4.48947	13.8042	8.93019
NIOZ130_sc7924_1	16.729	19.3333	7.3535
NIOZ130_sc7951_1	16.7973	15.7993	6.87516
NIOZ130_sc7969_1	16.0446	18.2218	8.7551
NIOZ130_sc7990_1	12.4782	16.2988	7.85353
NIOZ130_sc7991_1	16.0746	17.1654	7.14129
NIOZ130_sc8055_1	15.5752	27.6574	23.0905
NIOZ130_sc8087_1	17.4705	30.369	22.4709
NIOZ130_sc8104_1	12.7328	15.9828	7.75
NIOZ130_sc8127_1	12.7027	14.0017	7.1152
NIOZ130_sc8168_1	13.1765	16.2584	7.80565
NIOZ130_sc8180_1	17.7982	19.0861	7.72137
NIOZ130_sc8191_1	15.9072	25.5282	22.1864
NIOZ130_sc8192_1	15.838	29.9192	24.399
NIOZ130_sc8196_1	14.683	14.8993	8.58552
