NIOZ130_sc148_1	5148	677	0
NIOZ130_sc195_1	6762	787	0
NIOZ130_sc240_1	3445	437	0
NIOZ130_sc247_1	2890	340	0
NIOZ130_sc342_1	3828	507	0
NIOZ130_sc388_1	8746	1144	0
NIOZ130_sc402_1	2807	517	0
NIOZ130_sc458_1	3000	429	0
NIOZ130_sc461_1	3476	361	0
NIOZ130_sc493_1	10604	1601	0
NIOZ130_sc543_1	6936	861	0
NIOZ130_sc544_1	3287	462	0
NIOZ130_sc550_1	9000	1187	0
NIOZ130_sc603_1	3788	473	0
NIOZ130_sc618_1	3328	355	0
NIOZ130_sc643_1	26299	3193	0
NIOZ130_sc655_1	14905	2271	0
NIOZ130_sc673_1	3693	447	0
NIOZ130_sc745_1	5591	778	0
NIOZ130_sc758_1	4759	571	0
NIOZ130_sc759_1	4498	948	0
NIOZ130_sc857_1	3092	337	0
NIOZ130_sc877_1	3007	342	0
NIOZ130_sc899_1	2564	412	0
NIOZ130_sc915_1	2874	752	0
NIOZ130_sc921_1	3552	294	0
NIOZ130_sc1002_1	29888	3825	0
NIOZ130_sc1003_1	2868	406	0
NIOZ130_sc1008_1	9328	902	0
NIOZ130_sc1019_1	76127	11371	0
NIOZ130_sc1039_1	12672	2050	0
NIOZ130_sc1104_1	11948	1655	0
NIOZ130_sc1122_1	27521	3805	0
NIOZ130_sc1127_1	2756	290	0
NIOZ130_sc1181_1	3357	407	0
NIOZ130_sc1282_1	11656	1207	0
NIOZ130_sc1291_1	4870	514	0
NIOZ130_sc1294_1	3991	524	0
NIOZ130_sc1309_1	10542	1368	0
NIOZ130_sc1326_1	5982	617	0
NIOZ130_sc1352_1	3579	345	0
NIOZ130_sc1422_1	2583	234	0
NIOZ130_sc1457_1	3870	266	0
NIOZ130_sc1507_1	3640	1094	0
NIOZ130_sc1512_1	4934	729	0
NIOZ130_sc1533_1	6029	719	0
NIOZ130_sc1642_1	2798	242	0
NIOZ130_sc1651_1	7477	1110	0
NIOZ130_sc1674_1	5590	992	0
NIOZ130_sc1713_1	8959	988	0
NIOZ130_sc1730_1	6249	738	0
NIOZ130_sc1741_1	5055	660	0
NIOZ130_sc1790_1	5105	504	0
NIOZ130_sc1809_1	3128	543	0
NIOZ130_sc1816_1	6715	1357	0
NIOZ130_sc1837_1	118422	16358	0
NIOZ130_sc1842_1	13789	1551	0
NIOZ130_sc1843_1	2524	307	0
NIOZ130_sc1851_1	10004	923	0
NIOZ130_sc1852_1	4211	625	0
NIOZ130_sc1926_1	2886	287	0
NIOZ130_sc1981_1	3335	366	0
NIOZ130_sc2042_1	5738	707	0
NIOZ130_sc2046_1	3903	453	0
NIOZ130_sc2048_1	3161	487	0
NIOZ130_sc2074_1	11517	1154	0
NIOZ130_sc2132_1	2693	301	0
NIOZ130_sc2156_1	3585	725	0
NIOZ130_sc2201_1	4307	472	0
NIOZ130_sc2242_1	27150	3458	0
NIOZ130_sc2282_1	49555	7325	0
NIOZ130_sc2313_1	7469	2656	0
NIOZ130_sc2377_1	4996	3168	0
NIOZ130_sc2393_1	4725	588	0
NIOZ130_sc2418_1	4664	922	0
NIOZ130_sc2420_1	3293	367	0
NIOZ130_sc2427_1	2687	242	0
NIOZ130_sc2435_1	3373	475	0
NIOZ130_sc2446_1	17736	2268	0
NIOZ130_sc2484_1	3083	350	0
NIOZ130_sc2523_1	2620	330	0
NIOZ130_sc2527_1	5648	906	0
NIOZ130_sc2543_1	5837	658	0
NIOZ130_sc2548_1	2849	338	0
NIOZ130_sc2566_1	4474	916	0
NIOZ130_sc2579_1	2507	395	0
NIOZ130_sc2580_1	2682	387	0
NIOZ130_sc2584_1	2578	244	0
NIOZ130_sc2601_1	6370	747	0
NIOZ130_sc2619_1	10113	1279	0
NIOZ130_sc2634_1	30730	3754	0
NIOZ130_sc2644_1	3718	405	0
NIOZ130_sc2670_1	2709	286	0
NIOZ130_sc2671_1	3017	427	0
NIOZ130_sc2703_1	3895	412	0
NIOZ130_sc2713_1	7098	1005	0
NIOZ130_sc2725_1	59586	7879	0
NIOZ130_sc2741_1	7975	1030	0
NIOZ130_sc2808_1	5116	601	0
NIOZ130_sc2850_1	25272	3819	0
NIOZ130_sc2915_1	11077	1305	0
NIOZ130_sc2927_1	2513	562	0
NIOZ130_sc2941_1	5328	628	0
NIOZ130_sc2965_1	5337	767	0
NIOZ130_sc2977_1	3054	321	0
NIOZ130_sc2978_1	4519	637	0
NIOZ130_sc2981_1	5245	592	0
NIOZ130_sc3017_1	22827	2542	0
NIOZ130_sc3020_1	34682	4514	0
NIOZ130_sc3025_1	24301	3095	0
NIOZ130_sc3056_1	9795	2919	0
NIOZ130_sc3093_1	9126	1114	0
NIOZ130_sc3135_1	6005	658	0
NIOZ130_sc3174_1	4492	757	0
NIOZ130_sc3199_1	2727	287	0
NIOZ130_sc3207_1	5140	743	0
NIOZ130_sc3240_1	2986	339	0
NIOZ130_sc3243_1	6216	520	0
NIOZ130_sc3259_1	4510	508	0
NIOZ130_sc3284_1	3723	503	0
NIOZ130_sc3308_1	2553	72	0
NIOZ130_sc3346_1	4139	617	0
NIOZ130_sc3369_1	4608	567	0
NIOZ130_sc3399_1	2540	360	0
NIOZ130_sc3409_1	4012	611	0
NIOZ130_sc3410_1	145165	21844	0
NIOZ130_sc3446_1	2910	282	0
NIOZ130_sc3470_1	3535	422	0
NIOZ130_sc3486_1	8144	995	0
NIOZ130_sc3493_1	2996	449	0
NIOZ130_sc3530_1	5045	620	0
NIOZ130_sc3548_1	4356	764	0
NIOZ130_sc3564_1	33018	4053	0
NIOZ130_sc3565_1	2500	777	0
NIOZ130_sc3600_1	3713	413	0
NIOZ130_sc3618_1	2639	375	0
NIOZ130_sc3644_1	5614	706	0
NIOZ130_sc3661_1	5760	762	0
NIOZ130_sc3668_1	2554	273	0
NIOZ130_sc3706_1	5751	899	0
NIOZ130_sc3724_1	15432	1226	0
NIOZ130_sc3730_1	8518	1288	0
NIOZ130_sc3805_1	17030	1963	0
NIOZ130_sc3899_1	2612	322	0
NIOZ130_sc3912_1	5327	724	0
NIOZ130_sc3919_1	4176	541	0
NIOZ130_sc3928_1	4702	467	0
NIOZ130_sc3940_1	10672	1334	0
NIOZ130_sc3943_1	2527	289	0
NIOZ130_sc3964_1	3669	495	0
NIOZ130_sc3980_1	46061	5878	0
NIOZ130_sc3984_1	2504	409	0
NIOZ130_sc3997_1	5414	676	0
NIOZ130_sc4013_1	3587	567	0
NIOZ130_sc4073_1	3909	447	0
NIOZ130_sc4074_1	6938	784	0
NIOZ130_sc4117_1	4782	625	0
NIOZ130_sc4120_1	5903	843	0
NIOZ130_sc4122_1	3042	502	0
NIOZ130_sc4193_1	23594	3565	0
NIOZ130_sc4212_1	17554	2375	0
NIOZ130_sc4227_1	2938	476	0
NIOZ130_sc4246_1	35038	3840	0
NIOZ130_sc4279_1	3414	403	0
NIOZ130_sc4295_1	5333	552	0
NIOZ130_sc4296_1	11727	1969	0
NIOZ130_sc4307_1	2635	250	0
NIOZ130_sc4350_1	6897	912	0
NIOZ130_sc4368_1	3238	428	0
NIOZ130_sc4377_1	48251	7005	0
NIOZ130_sc4381_1	2995	365	0
NIOZ130_sc4414_1	5737	633	0
NIOZ130_sc4427_1	2932	154	0
NIOZ130_sc4459_1	39497	4833	0
NIOZ130_sc4494_1	12587	1673	0
NIOZ130_sc4496_1	2939	302	0
NIOZ130_sc4505_1	72833	9586	0
NIOZ130_sc4507_1	4083	360	0
NIOZ130_sc4528_1	3595	178	0
NIOZ130_sc4535_1	5036	605	0
NIOZ130_sc4546_1	3577	397	0
NIOZ130_sc4560_1	2721	469	0
NIOZ130_sc4570_1	6434	1030	0
NIOZ130_sc4594_1	3524	803	0
NIOZ130_sc4651_1	18993	2743	0
NIOZ130_sc4692_1	16190	2106	0
NIOZ130_sc4710_1	2770	366	0
NIOZ130_sc4759_1	2962	352	0
NIOZ130_sc4900_1	4348	565	0
NIOZ130_sc4912_1	2885	246	0
NIOZ130_sc4984_1	16060	2201	0
NIOZ130_sc5013_1	12257	1336	0
NIOZ130_sc5021_1	26491	3441	0
NIOZ130_sc5037_1	4786	775	0
NIOZ130_sc5043_1	3202	372	0
NIOZ130_sc5051_1	3489	426	0
NIOZ130_sc5065_1	9900	923	0
NIOZ130_sc5108_1	3294	506	0
NIOZ130_sc5115_1	17317	2545	0
NIOZ130_sc5130_1	2611	300	0
NIOZ130_sc5136_1	6062	1145	0
NIOZ130_sc5139_1	12636	1539	0
NIOZ130_sc5147_1	6172	1107	0
NIOZ130_sc5207_1	8517	993	0
NIOZ130_sc5213_1	2654	266	0
NIOZ130_sc5221_1	3687	480	0
NIOZ130_sc5280_1	3028	411	0
NIOZ130_sc5289_1	13670	1759	0
NIOZ130_sc5366_1	38517	4892	0
NIOZ130_sc5409_1	2792	282	0
NIOZ130_sc5446_1	6303	720	0
NIOZ130_sc5455_1	4648	484	0
NIOZ130_sc5469_1	30086	4643	0
NIOZ130_sc5513_1	2763	286	0
NIOZ130_sc5559_1	47114	6564	0
NIOZ130_sc5654_1	2651	314	0
NIOZ130_sc5658_1	2978	311	0
NIOZ130_sc5672_1	4815	692	0
NIOZ130_sc5685_1	4789	636	0
NIOZ130_sc5693_1	3721	429	0
NIOZ130_sc5727_1	3223	468	0
NIOZ130_sc5732_1	66044	9257	0
NIOZ130_sc5775_1	2723	305	0
NIOZ130_sc5783_1	28527	4895	0
NIOZ130_sc5804_1	14139	2035	0
NIOZ130_sc5858_1	2518	262	0
NIOZ130_sc5919_1	2823	210	0
NIOZ130_sc5920_1	13000	1516	0
NIOZ130_sc6016_1	6887	939	0
NIOZ130_sc6071_1	4262	518	0
NIOZ130_sc6124_1	2524	320	0
NIOZ130_sc6129_1	115155	15278	0
NIOZ130_sc6131_1	15323	1599	0
NIOZ130_sc6205_1	4272	145	0
NIOZ130_sc6212_1	6088	884	0
NIOZ130_sc6215_1	5969	832	0
NIOZ130_sc6249_1	2699	230	0
NIOZ130_sc6260_1	22275	2848	0
NIOZ130_sc6285_1	3952	333	0
NIOZ130_sc6315_1	3239	354	0
NIOZ130_sc6332_1	3291	897	0
NIOZ130_sc6335_1	3086	412	0
NIOZ130_sc6342_1	5176	611	0
NIOZ130_sc6352_1	2994	297	0
NIOZ130_sc6426_1	5617	703	0
NIOZ130_sc6592_1	73433	11425	0
NIOZ130_sc6598_1	5456	632	0
NIOZ130_sc6600_1	5109	719	0
NIOZ130_sc6604_1	5788	803	0
NIOZ130_sc6632_1	3375	461	0
NIOZ130_sc6651_1	27418	3830	0
NIOZ130_sc6656_1	3350	458	0
NIOZ130_sc6696_1	8661	1336	0
NIOZ130_sc6725_1	3904	482	0
NIOZ130_sc6743_1	3220	384	0
NIOZ130_sc6753_1	3727	539	0
NIOZ130_sc6836_1	3635	500	0
NIOZ130_sc6890_1	4727	575	0
NIOZ130_sc6892_1	82849	11423	0
NIOZ130_sc6912_1	76742	9312	0
NIOZ130_sc6915_1	3300	331	0
NIOZ130_sc7009_1	2967	347	0
NIOZ130_sc7062_1	4362	465	0
NIOZ130_sc7097_1	6439	901	0
NIOZ130_sc7168_1	14414	1882	0
NIOZ130_sc7211_1	4928	809	0
NIOZ130_sc7212_1	3719	450	0
NIOZ130_sc7223_1	3545	773	0
NIOZ130_sc7236_1	17756	2217	0
NIOZ130_sc7238_1	3187	631	0
NIOZ130_sc7243_1	2987	366	0
NIOZ130_sc7244_1	3282	470	0
NIOZ130_sc7318_1	5294	607	0
NIOZ130_sc7333_1	2533	338	0
NIOZ130_sc7409_1	65983	8519	0
NIOZ130_sc7493_1	6991	1225	0
NIOZ130_sc7497_1	3529	491	0
NIOZ130_sc7508_1	2828	323	0
NIOZ130_sc7521_1	40751	7487	0
NIOZ130_sc7539_1	3525	437	0
NIOZ130_sc7542_1	5423	808	0
NIOZ130_sc7557_1	4426	549	0
NIOZ130_sc7571_1	5546	449	0
NIOZ130_sc7573_1	2692	398	0
NIOZ130_sc7600_1	3858	478	0
NIOZ130_sc7626_1	17488	2174	0
NIOZ130_sc7646_1	57878	6890	0
NIOZ130_sc7652_1	3070	320	0
NIOZ130_sc7681_1	2504	536	0
NIOZ130_sc7685_1	3052	338	0
NIOZ130_sc7727_1	2523	378	0
NIOZ130_sc7744_1	3583	490	0
NIOZ130_sc7763_1	13821	1998	0
NIOZ130_sc7767_1	5139	634	0
NIOZ130_sc7778_1	8743	1080	0
NIOZ130_sc7806_1	2883	909	0
NIOZ130_sc7820_1	3540	421	0
NIOZ130_sc7840_1	17883	2224	0
NIOZ130_sc7854_1	4395	464	0
NIOZ130_sc7877_1	4383	559	0
NIOZ130_sc7899_1	6134	634	0
NIOZ130_sc7913_1	7521	1008	0
NIOZ130_sc7915_1	2714	1157	0
NIOZ130_sc7924_1	3324	418	0
NIOZ130_sc7951_1	4748	660	0
NIOZ130_sc7969_1	4609	591	0
NIOZ130_sc7990_1	9517	1010	0
NIOZ130_sc7991_1	6527	803	0
NIOZ130_sc8055_1	40864	5017	0
NIOZ130_sc8087_1	9251	1740	0
NIOZ130_sc8104_1	2646	331	0
NIOZ130_sc8127_1	4169	460	0
NIOZ130_sc8168_1	3618	419	0
NIOZ130_sc8180_1	2752	363	0
NIOZ130_sc8191_1	2672	308	0
NIOZ130_sc8192_1	102524	14409	0
NIOZ130_sc8196_1	5412	794	0
*	0	0	0
