NIOZ130_sc148_1	5148	504	0
NIOZ130_sc195_1	6762	1195	0
NIOZ130_sc240_1	3445	215	0
NIOZ130_sc247_1	2890	172	0
NIOZ130_sc342_1	3828	302	0
NIOZ130_sc388_1	8746	803	0
NIOZ130_sc402_1	2807	584	0
NIOZ130_sc458_1	3000	320	0
NIOZ130_sc461_1	3476	271	0
NIOZ130_sc493_1	10604	1262	0
NIOZ130_sc543_1	6936	805	0
NIOZ130_sc544_1	3287	341	0
NIOZ130_sc550_1	9000	857	0
NIOZ130_sc603_1	3788	328	0
NIOZ130_sc618_1	3328	588	0
NIOZ130_sc643_1	26299	4606	0
NIOZ130_sc655_1	14905	3203	0
NIOZ130_sc673_1	3693	354	0
NIOZ130_sc745_1	5591	1098	0
NIOZ130_sc758_1	4759	301	0
NIOZ130_sc759_1	4498	921	0
NIOZ130_sc857_1	3092	261	0
NIOZ130_sc877_1	3007	193	0
NIOZ130_sc899_1	2564	310	0
NIOZ130_sc915_1	2874	958	0
NIOZ130_sc921_1	3552	387	0
NIOZ130_sc1002_1	29888	5427	0
NIOZ130_sc1003_1	2868	328	0
NIOZ130_sc1008_1	9328	1360	0
NIOZ130_sc1019_1	76127	15533	0
NIOZ130_sc1039_1	12672	2632	0
NIOZ130_sc1104_1	11948	1210	0
NIOZ130_sc1122_1	27521	5227	0
NIOZ130_sc1127_1	2756	171	0
NIOZ130_sc1181_1	3357	743	0
NIOZ130_sc1282_1	11656	847	0
NIOZ130_sc1291_1	4870	318	0
NIOZ130_sc1294_1	3991	327	0
NIOZ130_sc1309_1	10542	788	0
NIOZ130_sc1326_1	5982	557	0
NIOZ130_sc1352_1	3579	272	0
NIOZ130_sc1422_1	2583	347	0
NIOZ130_sc1457_1	3870	527	0
NIOZ130_sc1507_1	3640	1285	0
NIOZ130_sc1512_1	4934	538	0
NIOZ130_sc1533_1	6029	1173	0
NIOZ130_sc1642_1	2798	145	0
NIOZ130_sc1651_1	7477	1561	0
NIOZ130_sc1674_1	5590	445	0
NIOZ130_sc1713_1	8959	634	0
NIOZ130_sc1730_1	6249	844	0
NIOZ130_sc1741_1	5055	387	0
NIOZ130_sc1790_1	5105	366	0
NIOZ130_sc1809_1	3128	457	0
NIOZ130_sc1816_1	6715	1450	0
NIOZ130_sc1837_1	118422	23319	0
NIOZ130_sc1842_1	13789	948	0
NIOZ130_sc1843_1	2524	207	0
NIOZ130_sc1851_1	10004	1391	0
NIOZ130_sc1852_1	4211	296	0
NIOZ130_sc1926_1	2886	160	0
NIOZ130_sc1981_1	3335	547	0
NIOZ130_sc2042_1	5738	1143	0
NIOZ130_sc2046_1	3903	258	0
NIOZ130_sc2048_1	3161	397	0
NIOZ130_sc2074_1	11517	2051	0
NIOZ130_sc2132_1	2693	454	0
NIOZ130_sc2156_1	3585	736	0
NIOZ130_sc2201_1	4307	277	0
NIOZ130_sc2242_1	27150	5184	0
NIOZ130_sc2282_1	49555	10328	0
NIOZ130_sc2313_1	7469	2391	0
NIOZ130_sc2377_1	4996	1015	0
NIOZ130_sc2393_1	4725	352	0
NIOZ130_sc2418_1	4664	639	0
NIOZ130_sc2420_1	3293	623	0
NIOZ130_sc2427_1	2687	192	0
NIOZ130_sc2435_1	3373	312	0
NIOZ130_sc2446_1	17736	3154	0
NIOZ130_sc2484_1	3083	273	0
NIOZ130_sc2523_1	2620	154	0
NIOZ130_sc2527_1	5648	419	0
NIOZ130_sc2543_1	5837	528	0
NIOZ130_sc2548_1	2849	183	0
NIOZ130_sc2566_1	4474	1180	0
NIOZ130_sc2579_1	2507	211	0
NIOZ130_sc2580_1	2682	355	0
NIOZ130_sc2584_1	2578	180	0
NIOZ130_sc2601_1	6370	584	0
NIOZ130_sc2619_1	10113	1343	0
NIOZ130_sc2634_1	30730	5559	0
NIOZ130_sc2644_1	3718	266	0
NIOZ130_sc2670_1	2709	470	0
NIOZ130_sc2671_1	3017	229	0
NIOZ130_sc2703_1	3895	228	0
NIOZ130_sc2713_1	7098	684	0
NIOZ130_sc2725_1	59586	11580	0
NIOZ130_sc2741_1	7975	1414	0
NIOZ130_sc2808_1	5116	465	0
NIOZ130_sc2850_1	25272	4879	0
NIOZ130_sc2915_1	11077	875	0
NIOZ130_sc2927_1	2513	688	0
NIOZ130_sc2941_1	5328	409	0
NIOZ130_sc2965_1	5337	400	0
NIOZ130_sc2977_1	3054	259	0
NIOZ130_sc2978_1	4519	566	0
NIOZ130_sc2981_1	5245	498	0
NIOZ130_sc3017_1	22827	4016	0
NIOZ130_sc3020_1	34682	6140	0
NIOZ130_sc3025_1	24301	4439	0
NIOZ130_sc3056_1	9795	2929	0
NIOZ130_sc3093_1	9126	1472	0
NIOZ130_sc3135_1	6005	947	0
NIOZ130_sc3174_1	4492	960	0
NIOZ130_sc3199_1	2727	232	0
NIOZ130_sc3207_1	5140	578	0
NIOZ130_sc3240_1	2986	163	0
NIOZ130_sc3243_1	6216	843	0
NIOZ130_sc3259_1	4510	441	0
NIOZ130_sc3284_1	3723	729	0
NIOZ130_sc3308_1	2553	190	0
NIOZ130_sc3346_1	4139	877	0
NIOZ130_sc3369_1	4608	340	0
NIOZ130_sc3399_1	2540	270	0
NIOZ130_sc3409_1	4012	284	0
NIOZ130_sc3410_1	145165	30593	0
NIOZ130_sc3446_1	2910	269	0
NIOZ130_sc3470_1	3535	295	0
NIOZ130_sc3486_1	8144	1107	0
NIOZ130_sc3493_1	2996	330	0
NIOZ130_sc3530_1	5045	619	0
NIOZ130_sc3548_1	4356	883	0
NIOZ130_sc3564_1	33018	5919	0
NIOZ130_sc3565_1	2500	716	0
NIOZ130_sc3600_1	3713	387	0
NIOZ130_sc3618_1	2639	542	0
NIOZ130_sc3644_1	5614	456	0
NIOZ130_sc3661_1	5760	1197	0
NIOZ130_sc3668_1	2554	147	0
NIOZ130_sc3706_1	5751	1245	0
NIOZ130_sc3724_1	15432	1869	0
NIOZ130_sc3730_1	8518	927	0
NIOZ130_sc3805_1	17030	2998	0
NIOZ130_sc3899_1	2612	262	0
NIOZ130_sc3912_1	5327	1008	0
NIOZ130_sc3919_1	4176	239	0
NIOZ130_sc3928_1	4702	646	0
NIOZ130_sc3940_1	10672	874	0
NIOZ130_sc3943_1	2527	192	0
NIOZ130_sc3964_1	3669	331	0
NIOZ130_sc3980_1	46061	8878	0
NIOZ130_sc3984_1	2504	165	0
NIOZ130_sc3997_1	5414	434	0
NIOZ130_sc4013_1	3587	441	0
NIOZ130_sc4073_1	3909	210	0
NIOZ130_sc4074_1	6938	447	0
NIOZ130_sc4117_1	4782	434	0
NIOZ130_sc4120_1	5903	1150	0
NIOZ130_sc4122_1	3042	380	0
NIOZ130_sc4193_1	23594	4709	0
NIOZ130_sc4212_1	17554	1355	0
NIOZ130_sc4227_1	2938	252	0
NIOZ130_sc4246_1	35038	5215	0
NIOZ130_sc4279_1	3414	672	0
NIOZ130_sc4295_1	5333	380	0
NIOZ130_sc4296_1	11727	2427	0
NIOZ130_sc4307_1	2635	259	0
NIOZ130_sc4350_1	6897	359	0
NIOZ130_sc4368_1	3238	207	0
NIOZ130_sc4377_1	48251	9625	0
NIOZ130_sc4381_1	2995	499	0
NIOZ130_sc4414_1	5737	526	0
NIOZ130_sc4427_1	2932	144	0
NIOZ130_sc4459_1	39497	6995	0
NIOZ130_sc4494_1	12587	2347	0
NIOZ130_sc4496_1	2939	174	0
NIOZ130_sc4505_1	72833	13785	0
NIOZ130_sc4507_1	4083	297	0
NIOZ130_sc4528_1	3595	284	0
NIOZ130_sc4535_1	5036	346	0
NIOZ130_sc4546_1	3577	592	0
NIOZ130_sc4560_1	2721	208	0
NIOZ130_sc4570_1	6434	1247	0
NIOZ130_sc4594_1	3524	639	0
NIOZ130_sc4651_1	18993	3986	0
NIOZ130_sc4692_1	16190	1274	0
NIOZ130_sc4710_1	2770	156	0
NIOZ130_sc4759_1	2962	166	0
NIOZ130_sc4900_1	4348	382	0
NIOZ130_sc4912_1	2885	178	0
NIOZ130_sc4984_1	16060	2921	0
NIOZ130_sc5013_1	12257	938	0
NIOZ130_sc5021_1	26491	5021	0
NIOZ130_sc5037_1	4786	583	0
NIOZ130_sc5043_1	3202	201	0
NIOZ130_sc5051_1	3489	269	0
NIOZ130_sc5065_1	9900	1112	0
NIOZ130_sc5108_1	3294	468	0
NIOZ130_sc5115_1	17317	3411	0
NIOZ130_sc5130_1	2611	229	0
NIOZ130_sc5136_1	6062	522	0
NIOZ130_sc5139_1	12636	2378	0
NIOZ130_sc5147_1	6172	1396	0
NIOZ130_sc5207_1	8517	921	0
NIOZ130_sc5213_1	2654	516	0
NIOZ130_sc5221_1	3687	260	0
NIOZ130_sc5280_1	3028	286	0
NIOZ130_sc5289_1	13670	1209	0
NIOZ130_sc5366_1	38517	7128	0
NIOZ130_sc5409_1	2792	299	0
NIOZ130_sc5446_1	6303	426	0
NIOZ130_sc5455_1	4648	742	0
NIOZ130_sc5469_1	30086	6453	0
NIOZ130_sc5513_1	2763	169	0
NIOZ130_sc5559_1	47114	9196	0
NIOZ130_sc5654_1	2651	217	0
NIOZ130_sc5658_1	2978	148	0
NIOZ130_sc5672_1	4815	1030	0
NIOZ130_sc5685_1	4789	480	0
NIOZ130_sc5693_1	3721	284	0
NIOZ130_sc5727_1	3223	352	0
NIOZ130_sc5732_1	66044	13679	0
NIOZ130_sc5775_1	2723	154	0
NIOZ130_sc5783_1	28527	6313	0
NIOZ130_sc5804_1	14139	2829	0
NIOZ130_sc5858_1	2518	145	0
NIOZ130_sc5919_1	2823	147	0
NIOZ130_sc5920_1	13000	2336	0
NIOZ130_sc6016_1	6887	1073	0
NIOZ130_sc6071_1	4262	230	0
NIOZ130_sc6124_1	2524	135	0
NIOZ130_sc6129_1	115155	21915	0
NIOZ130_sc6131_1	15323	2717	0
NIOZ130_sc6205_1	4272	346	0
NIOZ130_sc6212_1	6088	708	0
NIOZ130_sc6215_1	5969	426	0
NIOZ130_sc6249_1	2699	319	0
NIOZ130_sc6260_1	22275	3891	0
NIOZ130_sc6285_1	3952	230	0
NIOZ130_sc6315_1	3239	270	0
NIOZ130_sc6332_1	3291	921	0
NIOZ130_sc6335_1	3086	470	0
NIOZ130_sc6342_1	5176	448	0
NIOZ130_sc6352_1	2994	227	0
NIOZ130_sc6426_1	5617	444	0
NIOZ130_sc6592_1	73433	15778	0
NIOZ130_sc6598_1	5456	374	0
NIOZ130_sc6600_1	5109	318	0
NIOZ130_sc6604_1	5788	462	0
NIOZ130_sc6632_1	3375	586	0
NIOZ130_sc6651_1	27418	5310	0
NIOZ130_sc6656_1	3350	379	0
NIOZ130_sc6696_1	8661	994	0
NIOZ130_sc6725_1	3904	247	0
NIOZ130_sc6743_1	3220	257	0
NIOZ130_sc6753_1	3727	207	0
NIOZ130_sc6836_1	3635	267	0
NIOZ130_sc6890_1	4727	387	0
NIOZ130_sc6892_1	82849	16265	0
NIOZ130_sc6912_1	76742	13982	0
NIOZ130_sc6915_1	3300	222	0
NIOZ130_sc7009_1	2967	382	0
NIOZ130_sc7062_1	4362	347	0
NIOZ130_sc7097_1	6439	1011	0
NIOZ130_sc7168_1	14414	2674	0
NIOZ130_sc7211_1	4928	909	0
NIOZ130_sc7212_1	3719	339	0
NIOZ130_sc7223_1	3545	809	0
NIOZ130_sc7236_1	17756	3595	0
NIOZ130_sc7238_1	3187	683	0
NIOZ130_sc7243_1	2987	255	0
NIOZ130_sc7244_1	3282	198	0
NIOZ130_sc7318_1	5294	383	0
NIOZ130_sc7333_1	2533	539	0
NIOZ130_sc7409_1	65983	12224	0
NIOZ130_sc7493_1	6991	1363	0
NIOZ130_sc7497_1	3529	371	0
NIOZ130_sc7508_1	2828	219	0
NIOZ130_sc7521_1	40751	9342	0
NIOZ130_sc7539_1	3525	612	0
NIOZ130_sc7542_1	5423	597	0
NIOZ130_sc7557_1	4426	409	0
NIOZ130_sc7571_1	5546	858	0
NIOZ130_sc7573_1	2692	363	0
NIOZ130_sc7600_1	3858	337	0
NIOZ130_sc7626_1	17488	3112	0
NIOZ130_sc7646_1	57878	10264	0
NIOZ130_sc7652_1	3070	182	0
NIOZ130_sc7681_1	2504	543	0
NIOZ130_sc7685_1	3052	171	0
NIOZ130_sc7727_1	2523	156	0
NIOZ130_sc7744_1	3583	272	0
NIOZ130_sc7763_1	13821	2880	0
NIOZ130_sc7767_1	5139	523	0
NIOZ130_sc7778_1	8743	593	0
NIOZ130_sc7806_1	2883	978	0
NIOZ130_sc7820_1	3540	705	0
NIOZ130_sc7840_1	17883	1696	0
NIOZ130_sc7854_1	4395	349	0
NIOZ130_sc7877_1	4383	903	0
NIOZ130_sc7899_1	6134	543	0
NIOZ130_sc7913_1	7521	649	0
NIOZ130_sc7915_1	2714	1514	0
NIOZ130_sc7924_1	3324	199	0
NIOZ130_sc7951_1	4748	308	0
NIOZ130_sc7969_1	4609	455	0
NIOZ130_sc7990_1	9517	748	0
NIOZ130_sc7991_1	6527	498	0
NIOZ130_sc8055_1	40864	7058	0
NIOZ130_sc8087_1	9251	1768	0
NIOZ130_sc8104_1	2646	237	0
NIOZ130_sc8127_1	4169	335	0
NIOZ130_sc8168_1	3618	353	0
NIOZ130_sc8180_1	2752	158	0
NIOZ130_sc8191_1	2672	467	0
NIOZ130_sc8192_1	102524	20113	0
NIOZ130_sc8196_1	5412	718	0
*	0	0	0
