contigName	contigLen	totalAvgDepth	NIOZ130_v_NIOZ114.sam_sort.bam	NIOZ130_v_NIOZ114.sam_sort.bam-var	NIOZ130_v_NIOZ118.sam_sort.bam	NIOZ130_v_NIOZ118.sam_sort.bam-var	NIOZ130_v_NIOZ130.sam_sort.bam	NIOZ130_v_NIOZ130.sam_sort.bam-var
NIOZ130_sc148_1	5148	42.938	16.4376	27.1437	17.8441	40.8725	8.65626	9.97409
NIOZ130_sc195_1	6762	66.6101	14.6298	22.8226	27.722	71.149	24.2583	46.7991
NIOZ130_sc240_1	3445	41.6543	18.8807	55.6965	14.2039	33.1829	8.56995	10.4583
NIOZ130_sc247_1	2890	41.5201	16.5847	17.6376	17.8982	20.2266	7.03723	9.22531
NIOZ130_sc342_1	3828	42.1001	16.469	20.2636	18.6979	30.9303	6.93312	9.51149
NIOZ130_sc388_1	8746	40.5022	15.9059	41.7437	16.4573	38.9289	8.13902	9.42962
NIOZ130_sc402_1	2807	21.3929	4.21754	9.83605	10.2548	21.1975	6.92096	16.5743
NIOZ130_sc458_1	3000	32.4874	13.0323	21.3138	12.2733	16.6597	7.18175	12.2702
NIOZ130_sc461_1	3476	34.2646	12.3422	19.8613	14.3767	19.8944	7.5457	10.18
NIOZ130_sc493_1	10604	46.2862	17.4675	37.2785	21.0889	44.5364	7.72986	14.3337
NIOZ130_sc543_1	6936	37.5936	13.7918	23.3152	15.9142	34.2102	7.88756	10.3675
NIOZ130_sc544_1	3287	39.1562	15.5429	33.8739	15.6172	16.4653	7.99617	17.5511
NIOZ130_sc550_1	9000	43.0991	16.4487	53.1646	18.206	30.4601	8.44441	12.4029
NIOZ130_sc603_1	3788	41.9574	15.1839	20.5858	17.569	33.2239	9.20451	10.117
NIOZ130_sc618_1	3328	46.0812	9.41567	14.8032	18.5947	45.2568	18.0708	30.2158
NIOZ130_sc643_1	26299	64.9038	15.061	29.2609	27.1865	50.2845	22.6562	41.8265
NIOZ130_sc655_1	14905	72.7848	17.9369	30.207	28.1946	84.3203	26.6533	54.5748
NIOZ130_sc673_1	3693	34.9856	12.9814	24.0205	15.0079	21.7571	6.99633	9.97989
NIOZ130_sc745_1	5591	66.3062	15.7798	43.6614	26.3056	76.7739	24.2207	75.9514
NIOZ130_sc758_1	4759	40.9592	15.8457	21.3181	17.0965	35.0695	8.01692	11.3607
NIOZ130_sc759_1	4498	74.92	17.6244	568.053	33.0382	768.983	24.2574	124.614
NIOZ130_sc857_1	3092	36.5809	12.7542	20.4813	16.9589	29.7619	6.86778	5.63737
NIOZ130_sc877_1	3007	35.9055	14.9902	13.6497	14.0735	14.6003	6.84179	7.63196
NIOZ130_sc899_1	2564	22.3509	4.93413	16.16	10.8737	16.7777	6.5435	10.3668
NIOZ130_sc915_1	2874	19.4559	4.12408	15.1953	8.44126	33.4612	6.8906	22.5931
NIOZ130_sc921_1	3552	38.0282	10.4921	40.4236	14.1523	41.5006	13.3839	25.6656
NIOZ130_sc1002_1	29888	69.3836	15.8835	22.9522	29.7154	60.4334	23.7848	37.8025
NIOZ130_sc1003_1	2868	18.2851	4.3738	13.3633	8.95843	21.046	4.95291	4.81785
NIOZ130_sc1008_1	9328	53.7141	12.8408	29.8917	21.5782	54.3473	19.2951	34.7348
NIOZ130_sc1019_1	76127	73.8307	16.9075	37.9023	30.9022	80.4407	26.021	58.5395
NIOZ130_sc1039_1	12672	72.5645	16.7319	38.6646	30.2642	68.7771	25.5684	55.5215
NIOZ130_sc1104_1	11948	42.1829	16.4018	35.7123	17.5831	47.0177	8.198	34.0769
NIOZ130_sc1122_1	27521	72.8047	16.3208	31.8446	32.2314	70.446	24.2525	42.3963
NIOZ130_sc1127_1	2756	36.5595	13.8588	16.9259	14.9094	29.0872	7.79125	11.0421
NIOZ130_sc1181_1	3357	71.7933	13.7767	39.2669	30.869	58.7077	27.1475	88.3725
NIOZ130_sc1282_1	11656	35.4824	12.9231	24.9678	14.39	27.8118	8.16939	15.9985
NIOZ130_sc1291_1	4870	37.3447	13.8428	30.1888	15.9	21.138	7.60191	11.5005
NIOZ130_sc1294_1	3991	41.5171	16.6787	19.0591	17.2549	33.808	7.58344	9.4202
NIOZ130_sc1309_1	10542	41.3895	16.5526	43.6887	17.4244	43.2052	7.41253	11.2367
NIOZ130_sc1326_1	5982	34.0981	12.1632	24.1991	14.6469	26.5873	7.28789	10.6145
NIOZ130_sc1352_1	3579	34.3497	12.3675	7.13505	14.8256	33.3255	7.15661	12.24
NIOZ130_sc1422_1	2583	41.3161	9.63132	37.1385	17.9096	78.2737	13.7752	44.7663
NIOZ130_sc1457_1	3870	38.053	5.29624	6.59579	15.4772	36.5251	17.2796	40.178
NIOZ130_sc1507_1	3640	18.867	3.71662	9.82244	7.84355	19.9778	7.30688	18.4928
NIOZ130_sc1512_1	4934	42.9783	14.8595	31.2633	20.237	44.7192	7.88169	24.5119
NIOZ130_sc1533_1	6029	67.3955	14.6583	27.947	27.0044	50.9803	25.7328	43.1408
NIOZ130_sc1642_1	2798	27.1945	10.5774	15.9994	11.9789	19.8522	4.63822	8.24837
NIOZ130_sc1651_1	7477	70.1464	15.8778	36.4176	29.639	118.84	24.6296	53.6172
NIOZ130_sc1674_1	5590	47.2399	19.4004	54.8414	19.3822	69.14	8.45735	15.6858
NIOZ130_sc1713_1	8959	38.37	13.8777	24.4723	16.5417	31.6694	7.95051	13.6398
NIOZ130_sc1730_1	6249	37.3074	13.0167	21.6176	15.2432	33.2022	9.04755	15.1222
NIOZ130_sc1741_1	5055	45.1609	17.6253	27.4168	19.2137	24.2321	8.32192	9.39492
NIOZ130_sc1790_1	5105	34.8991	12.6369	21.8463	15.4819	32.1971	6.78022	11.3727
NIOZ130_sc1809_1	3128	17.8442	3.137	4.04975	8.91437	28.7367	5.79281	7.39248
NIOZ130_sc1816_1	6715	70.0592	17.5787	47.0193	28.166	44.2479	24.3145	48.8387
NIOZ130_sc1837_1	118422	74.7603	17.1662	28.695	31.4181	64.9194	26.176	46.1843
NIOZ130_sc1842_1	13789	38.9252	15.4624	34.7806	15.3852	34.9272	8.07765	11.3512
NIOZ130_sc1843_1	2524	40.6365	13.5282	18.9422	18.6512	29.8193	8.45703	18.3391
NIOZ130_sc1851_1	10004	53.7566	12.0048	30.9041	23.8382	68.7038	17.9136	32.1826
NIOZ130_sc1852_1	4211	44.7084	18.3388	49.2472	18.6205	39.8605	7.74908	15.4089
NIOZ130_sc1926_1	2886	35.2551	12.9938	23.2962	14.8918	43.3666	7.36952	11.602
NIOZ130_sc1981_1	3335	56.336	12.3928	22.5248	25.0446	44.3276	18.8986	45.6578
NIOZ130_sc2042_1	5738	72.6127	15.1358	20.5614	32.5589	77.0691	24.918	30.7062
NIOZ130_sc2046_1	3903	36.0845	14.4042	25.2376	15.1521	23.1264	6.52811	7.00193
NIOZ130_sc2048_1	3161	39.6802	16.9409	36.4413	15.1717	47.0925	7.56759	29.2257
NIOZ130_sc2074_1	11517	53.9184	10.4645	29.4149	22.2171	59.7298	21.2367	77.326
NIOZ130_sc2132_1	2693	57.164	12.0763	14.8164	26.2175	90.0923	18.8702	62.5
NIOZ130_sc2156_1	3585	18.0125	4.65357	17.4471	7.32635	16.1571	6.03261	9.07466
NIOZ130_sc2201_1	4307	36.2028	13.2403	26.1659	16.9459	33.3514	6.0166	8.40263
NIOZ130_sc2242_1	27150	71.4561	15.9171	28.7259	30.999	77.2613	24.54	43.972
NIOZ130_sc2282_1	49555	77.9231	17.6184	33.6163	33.5366	73.7749	26.7681	46.4955
NIOZ130_sc2313_1	7469	95.1593	22.0954	231.876	40.3965	520.322	32.6674	285.416
NIOZ130_sc2377_1	4996	44.3789	18.4515	90.0311	18.005	202.669	7.92241	16.4978
NIOZ130_sc2393_1	4725	44.8903	15.6472	38.7575	19.9056	45.7411	9.33749	17.4319
NIOZ130_sc2418_1	4664	47.0939	18.2444	236.028	17.9874	340.024	10.8622	86.4753
NIOZ130_sc2420_1	3293	67.0764	13.447	31.7521	28.4693	85.0884	25.16	79.5487
NIOZ130_sc2427_1	2687	36.3965	12.4131	14.8331	14.7935	24.9667	9.18999	16.8993
NIOZ130_sc2435_1	3373	45.0804	16.4756	39.3898	18.5498	46.5229	10.0552	17.4259
NIOZ130_sc2446_1	17736	65.9969	14.7692	30.2083	28.499	64.3549	22.7286	54.1248
NIOZ130_sc2484_1	3083	34.253	13.5656	41.377	13.2247	18.847	7.46267	24.7837
NIOZ130_sc2523_1	2620	43.3688	17.8733	25.6409	17.6194	47.4851	7.87611	9.27429
NIOZ130_sc2527_1	5648	51.3749	20.9314	41.1905	21.2832	36.7666	9.16024	16.4655
NIOZ130_sc2543_1	5837	37.7264	14.1326	27.1114	14.6856	25.7711	8.90821	14.6522
NIOZ130_sc2548_1	2849	39.9752	15.8837	11.9153	17.5465	37.5674	6.54502	8.20876
NIOZ130_sc2566_1	4474	65.3527	15.3286	23.6327	26.6445	107.773	23.3795	38.0736
NIOZ130_sc2579_1	2507	42.8863	19.2906	36.2061	15.5405	12.0329	8.05515	10.4809
NIOZ130_sc2580_1	2682	41.0122	14.9972	22.5986	17.5549	38.0494	8.46011	23.0167
NIOZ130_sc2584_1	2578	31.9769	11.3068	23.8693	14.1149	34.1828	6.55519	8.96657
NIOZ130_sc2601_1	6370	38.3965	13.996	30.8441	16.3151	33.0574	8.08537	15.2155
NIOZ130_sc2619_1	10113	33.9411	12.0306	29.5198	14.3496	31.2027	7.56088	17.1022
NIOZ130_sc2634_1	30730	69.0987	16.0295	31.3122	28.6782	70.48	24.391	48.5668
NIOZ130_sc2644_1	3718	36.2929	13.7203	29.1654	15.2618	21.2816	7.31082	10.7514
NIOZ130_sc2670_1	2709	64.0211	12.5197	34.2557	28.6346	133.754	22.8667	68.2196
NIOZ130_sc2671_1	3017	39.2857	14.9983	31.3019	16.1831	33.826	8.10429	12.328
NIOZ130_sc2703_1	3895	36.9236	13.5308	24.2817	16.678	21.0208	6.71482	10.2382
NIOZ130_sc2713_1	7098	42.4026	16.6425	39.9235	17.8443	26.8913	7.9158	12.5329
NIOZ130_sc2725_1	59586	69.7352	16.0133	28.469	28.8186	53.4395	24.9033	49.9438
NIOZ130_sc2741_1	7975	65.4776	14.6183	31.9838	27.7896	74.6841	23.0696	41.9009
NIOZ130_sc2808_1	5116	40.9615	15.1895	23.1422	17.3441	31.6407	8.42791	9.86254
NIOZ130_sc2850_1	25272	68.861	17.854	45.5611	26.8262	55.8862	24.1809	40.122
NIOZ130_sc2915_1	11077	39.894	14.9314	25.7398	17.4008	33.0823	7.56191	15.573
NIOZ130_sc2927_1	2513	9.99069	1.85823	6.09807	3.08845	7.61587	5.04401	7.80761
NIOZ130_sc2941_1	5328	36.7511	14.0809	16.6054	16.5464	25.7478	6.12379	8.23021
NIOZ130_sc2965_1	5337	45.257	18.2092	23.0623	19.2051	35.5807	7.84268	9.71649
NIOZ130_sc2977_1	3054	36.2834	12.9821	22.2008	14.3292	20.843	8.97211	16.2139
NIOZ130_sc2978_1	4519	46.4447	16.5154	37.3095	18.4447	27.139	11.4846	16.5985
NIOZ130_sc2981_1	5245	37.2365	13.61	29.4779	16.1097	35.4637	7.51678	10.9605
NIOZ130_sc3017_1	22827	65.8672	14.2093	29.6651	28.0106	63.5802	23.6473	55.9368
NIOZ130_sc3020_1	34682	66.1903	15.3719	32.6323	28.327	52.4086	22.4915	39.4211
NIOZ130_sc3025_1	24301	70.5657	16.1215	26.2473	30.8893	60.9291	23.555	40.5774
NIOZ130_sc3056_1	9795	75.2789	17.3913	81.5717	31.8565	200.522	26.0311	119.67
NIOZ130_sc3093_1	9126	70.585	16.8955	30.6005	31.1338	72.0486	22.5557	53.4125
NIOZ130_sc3135_1	6005	62.7517	13.9812	40.1692	26.9573	137.895	21.8132	72.855
NIOZ130_sc3174_1	4492	70.5663	16.8148	28.5559	30.5868	66.0873	23.1647	45.6287
NIOZ130_sc3199_1	2727	42.1094	13.052	22.2434	20.0539	49.0006	9.00349	16.3825
NIOZ130_sc3207_1	5140	40.2006	17.3493	29.6659	15.6269	28.8625	7.22445	10.6765
NIOZ130_sc3240_1	2986	39.8103	15.5437	32.0796	16.982	65.988	7.28456	10.2996
NIOZ130_sc3243_1	6216	43.8513	9.97461	11.5466	17.6873	34.5512	16.1896	22.4222
NIOZ130_sc3259_1	4510	36.8138	13.3028	14.764	16.2975	24.2424	7.21353	10.4826
NIOZ130_sc3284_1	3723	61.4786	12.8883	51.5582	25.9916	64.2949	22.5987	45.0315
NIOZ130_sc3308_1	2553	24.1752	3.56013	8.169	10.871	58.4979	9.74407	27.6614
NIOZ130_sc3346_1	4139	79.4412	17.1817	22.8248	35.9611	77.7365	26.2983	55.688
NIOZ130_sc3369_1	4608	44.825	16.9495	28.8215	18.8149	33.7181	9.06056	16.0112
NIOZ130_sc3399_1	2540	35.3356	13.7473	22.1699	14.4845	19.4688	7.10377	13.5356
NIOZ130_sc3409_1	4012	52.5272	21.2812	40.2962	22.9832	61.3435	8.26282	12.633
NIOZ130_sc3410_1	145165	78.7152	17.9822	31.8995	33.4165	67.7334	27.3164	47.5992
NIOZ130_sc3446_1	2910	39.9935	12.7942	18.0917	18.6993	37.5923	8.5	21.0149
NIOZ130_sc3470_1	3535	38.634	13.2934	12.4331	17.0549	63.3016	8.28567	16.8383
NIOZ130_sc3486_1	8144	36.3396	12.7996	24.64	15.3645	29.2034	8.17551	30.12
NIOZ130_sc3493_1	2996	39.9389	16.2576	47.496	16.3387	78.3155	7.34259	67.57
NIOZ130_sc3530_1	5045	38.8717	14.1947	19.1657	15.4995	36.809	9.17753	21.0716
NIOZ130_sc3548_1	4356	67.4489	16.3968	59.83	28.6348	154.75	22.4173	49.9648
NIOZ130_sc3564_1	33018	69.3179	16.1776	30.4197	29.0926	64.6614	24.0477	42.1633
NIOZ130_sc3565_1	2500	28.054	8.45957	25.1373	13.2464	46.0978	6.34808	11.6549
NIOZ130_sc3600_1	3713	34.0873	12.2077	11.3358	15.1019	30.0629	6.77772	10.1902
NIOZ130_sc3618_1	2639	73.671	17.0076	34.2019	31.3748	94.7411	25.2885	85.3495
NIOZ130_sc3644_1	5614	39.7204	16.1519	30.3261	16.1722	23.2013	7.39623	12.9878
NIOZ130_sc3661_1	5760	65.1508	12.5722	22.6333	27.1654	68.8888	25.4132	89.4564
NIOZ130_sc3668_1	2554	37.1518	14.5183	28.6111	15.473	26.2219	7.16057	11.3833
NIOZ130_sc3706_1	5751	72.7784	15.9473	26.1467	29.9859	61.3965	26.8452	65.6704
NIOZ130_sc3724_1	15432	42.4704	10.1913	19.1546	17.2893	37.7797	14.9898	22.7184
NIOZ130_sc3730_1	8518	38.2872	14.3711	49.11	15.6082	49.2132	8.30796	31.3989
NIOZ130_sc3805_1	17030	65.1115	14.0712	25.3385	28.2437	56.8882	22.7966	42.0276
NIOZ130_sc3899_1	2612	38.5865	13.383	17.76	16.5378	49.0591	8.66572	9.49044
NIOZ130_sc3912_1	5327	71.175	16.9844	37.1628	29.6639	90.5235	24.5268	31.064
NIOZ130_sc3919_1	4176	45.5847	18.3741	22.5778	20.0681	50.858	7.14257	6.20749
NIOZ130_sc3928_1	4702	44.6366	10.1522	22.4565	19.8917	50.9661	14.5927	24.5351
NIOZ130_sc3940_1	10672	41.0721	15.8315	30.3424	16.8799	38.9679	8.36077	13.4772
NIOZ130_sc3943_1	2527	36.3525	13.3345	17.1907	15.395	16.861	7.62305	13.6812
NIOZ130_sc3964_1	3669	43.8218	14.0429	33.244	20.7249	85.3038	9.05399	19.8151
NIOZ130_sc3980_1	46061	72.7203	16.2823	25.3743	30.3475	60.2674	26.0904	50.106
NIOZ130_sc3984_1	2504	44.7001	18.2192	36.6369	19.0697	30.4917	7.41121	17.0888
NIOZ130_sc3997_1	5414	41.7574	15.1636	36.707	18.2601	33.051	8.33378	16.963
NIOZ130_sc4013_1	3587	37.4117	14.5156	43.9657	15.5412	39.0236	7.35496	10.4881
NIOZ130_sc4073_1	3909	37.6723	15.3679	23.6342	15.1479	16.0719	7.15642	9.93815
NIOZ130_sc4074_1	6938	38.3972	15.0759	22.3266	16.5744	28.0372	6.74691	11.2413
NIOZ130_sc4117_1	4782	40.1887	15.2627	34.2473	17.3659	40.6078	7.56002	14.8986
NIOZ130_sc4120_1	5903	72.7139	17.831	47.08	28.9089	80.6265	25.9739	44.3442
NIOZ130_sc4122_1	3042	43.8354	18.5211	35.7354	17.2808	25.1745	8.03354	19.2722
NIOZ130_sc4193_1	23594	69.3014	15.7203	27.2947	28.0373	49.7157	25.5438	47.9797
NIOZ130_sc4212_1	17554	45.0672	17.7955	29.0026	18.4256	37.6426	8.84613	16.856
NIOZ130_sc4227_1	2938	46.887	16.5703	37.6565	20.7321	44.6148	9.58465	9.73199
NIOZ130_sc4246_1	35038	55.5524	12.6911	37.1022	23.7221	98.845	19.1392	59.819
NIOZ130_sc4279_1	3414	62.2901	12.686	39.1445	26.06	110.333	23.5441	49.2496
NIOZ130_sc4295_1	5333	36.5092	12.2749	21.4306	17.0868	37.0276	7.14741	12.4623
NIOZ130_sc4296_1	11727	72.4947	16.2153	32.2427	30.9952	98.2752	25.2842	56.7847
NIOZ130_sc4307_1	2635	32.2507	9.90785	21.0169	12.8213	19.9632	9.52153	17.1817
NIOZ130_sc4350_1	6897	43.8702	18.2776	38.8005	18.7068	31.6944	6.88573	11.577
NIOZ130_sc4368_1	3238	40.3847	16.5907	38.2304	16.0625	37.8302	7.73154	15.6626
NIOZ130_sc4377_1	48251	71.848	16.0723	51.9065	30.2	121.493	25.5758	67.2043
NIOZ130_sc4381_1	2995	65.1926	16.4415	38.4986	27.1638	47.1032	21.5873	68.4273
NIOZ130_sc4414_1	5737	38.1206	13.0408	34.4598	17.6393	36.2362	7.44049	13.6949
NIOZ130_sc4427_1	2932	25.9608	7.04026	12.0624	11.6869	16.8775	7.23364	10.4516
NIOZ130_sc4459_1	39497	68.2925	15.4004	28.1271	29.7337	55.2413	23.1585	36.8183
NIOZ130_sc4494_1	12587	70.6551	16.0258	33.7868	30.7296	108.461	23.8997	57.4946
NIOZ130_sc4496_1	2939	33.5034	13.6397	20.0347	13.2696	23.333	6.59412	6.0095
NIOZ130_sc4505_1	72833	70.2507	15.7948	31.9116	29.9856	62.4154	24.4704	45.2957
NIOZ130_sc4507_1	4083	33.5299	11.5713	17.9536	14.7122	29.0167	7.24638	10.2381
NIOZ130_sc4528_1	3595	22.4462	5.51059	6.0938	7.77707	9.40669	9.15849	13.6114
NIOZ130_sc4535_1	5036	37.5278	14.9394	28.999	15.4546	26.2481	7.13385	12.4818
NIOZ130_sc4546_1	3577	65.0925	15.9253	53.1675	25.9699	83.8308	23.1973	90.9026
NIOZ130_sc4560_1	2721	49.3683	22.0097	62.2825	18.0229	51.0661	9.33567	22.0776
NIOZ130_sc4570_1	6434	65.7532	16.5791	35.9815	28.2683	104.027	20.9058	46.6739
NIOZ130_sc4594_1	3524	42.567	16.7413	37.0113	17.1218	32.8055	8.70391	18.2873
NIOZ130_sc4651_1	18993	78.0864	17.6885	27.9823	33.2096	63.6804	27.1883	54.4808
NIOZ130_sc4692_1	16190	41.7185	15.4827	33.9673	17.7971	41.0587	8.43859	14.9172
NIOZ130_sc4710_1	2770	42.9878	16.9973	28.6303	18.2981	61.8281	7.69237	10.3008
NIOZ130_sc4759_1	2962	43.4534	15.25	35.3921	21.0526	31.0779	7.15078	13.3035
NIOZ130_sc4900_1	4348	40.1949	15.1174	27.5968	15.5865	47.4652	9.49119	13.2822
NIOZ130_sc4912_1	2885	31.7444	10.2285	12.1026	14.4563	25.5789	7.0596	9.14189
NIOZ130_sc4984_1	16060	62.1315	14.606	28.218	27.0006	54.035	20.5249	36.3579
NIOZ130_sc5013_1	12257	36.1365	13.4456	19.5697	15.3827	34.5057	7.30817	12.7319
NIOZ130_sc5021_1	26491	71.9199	15.3595	26.8597	32.2525	61.9534	24.3078	50.6434
NIOZ130_sc5037_1	4786	39.6605	14.9092	50.955	16.4105	73.5622	8.34081	29.5185
NIOZ130_sc5043_1	3202	42.9361	15.1868	17.9901	18.941	47.1016	8.80832	14.8539
NIOZ130_sc5051_1	3489	46.2432	16.3789	26.1291	19.9125	41.636	9.95178	18.1838
NIOZ130_sc5065_1	9900	43.9595	11.5303	24.5254	18.0435	29.7556	14.3857	21.0968
NIOZ130_sc5108_1	3294	36.5795	16.0512	48.4839	12.8139	17.2873	7.71438	9.32283
NIOZ130_sc5115_1	17317	73.7191	16.8564	28.2754	31.3483	69.8831	25.5145	43.846
NIOZ130_sc5130_1	2611	38.3807	14.4104	26.8054	17.1203	24.5318	6.85006	10.112
NIOZ130_sc5136_1	6062	36.851	15.1171	54.3554	14.4205	34.7694	7.31343	16.9972
NIOZ130_sc5139_1	12636	66.4569	14.7295	32.799	27.6041	63.1257	24.1233	86.3519
NIOZ130_sc5147_1	6172	64.8731	13.2516	47.2213	27.7212	110.808	23.9004	68.2865
NIOZ130_sc5207_1	8517	36.2433	12.973	19.9865	15.706	32.3303	7.56436	11.5432
NIOZ130_sc5213_1	2654	73.9457	13.6705	16.8755	31.8518	112.891	28.4233	80.9101
NIOZ130_sc5221_1	3687	47.5397	17.8024	27.964	20.9324	48.9525	8.80492	14.7825
NIOZ130_sc5280_1	3028	39.4569	16.9291	23.8066	14.4291	23.3156	8.09868	11.7303
NIOZ130_sc5289_1	13670	36.7525	14.573	28.6095	15.2398	29.5233	6.93972	11.7684
NIOZ130_sc5366_1	38517	68.3029	15.3699	26.5142	28.8943	70.6151	24.0387	38.7202
NIOZ130_sc5409_1	2792	21.7422	4.68547	13.5073	8.19985	21.8231	8.85731	22.2268
NIOZ130_sc5446_1	6303	38.5675	15.6038	34.657	14.2205	23.4269	8.74321	10.5543
NIOZ130_sc5455_1	4648	57.1383	12.4858	17.348	26.7537	57.0252	17.8988	37.2014
NIOZ130_sc5469_1	30086	73.4584	16.2076	31.5342	31.1798	59.1514	26.0709	53.3884
NIOZ130_sc5513_1	2763	33.5063	12.0739	18.573	14.2549	26.3598	7.17757	9.9041
NIOZ130_sc5559_1	47114	72.686	15.9016	32.4797	32.1759	59.8903	24.6086	44.8569
NIOZ130_sc5654_1	2651	38.2903	15.3727	26.3156	15.4006	54.3531	7.51699	18.6034
NIOZ130_sc5658_1	2978	38.7532	13.64	23.1757	18.668	42.2553	6.44519	8.34892
NIOZ130_sc5672_1	4815	75.3466	16.2549	26.8503	32.6707	92.3491	26.421	44.4592
NIOZ130_sc5685_1	4789	37.2861	16.3611	37.5091	14.3167	22.7979	6.60832	8.13614
NIOZ130_sc5693_1	3721	32.3332	13.4595	22.4567	12.2075	19.2173	6.6662	8.2717
NIOZ130_sc5727_1	3223	34.3352	13.4849	26.8488	14.1383	31.609	6.71201	9.06066
NIOZ130_sc5732_1	66044	73.4975	15.8102	30.5584	31.1743	63.1642	26.513	48.5967
NIOZ130_sc5775_1	2723	40.3226	15.1073	18.9862	17.9444	40.1077	7.27089	13.4644
NIOZ130_sc5783_1	28527	74.4813	16.0418	41.664	31.395	75.943	27.0445	53.4064
NIOZ130_sc5804_1	14139	70.4045	16.326	42.0773	29.2058	84.7906	24.8728	64.0372
NIOZ130_sc5858_1	2518	41.215	14.5929	32.2246	20.6047	46.9446	6.01731	8.04481
NIOZ130_sc5919_1	2823	26.159	8.93154	8.75544	11.5099	12.0652	5.71755	6.74091
NIOZ130_sc5920_1	13000	64.4932	14.59	26.7587	26.6325	55.9563	23.2707	43.5496
NIOZ130_sc6016_1	6887	54.6208	14.9647	30.6518	21.1809	96.1932	18.4751	77.2243
NIOZ130_sc6071_1	4262	40.3106	16.5783	31.7046	16.6221	50.1151	7.11017	10.2932
NIOZ130_sc6124_1	2524	42.2203	17.3534	28.0805	18.2304	32.8255	6.63648	13.0406
NIOZ130_sc6129_1	115155	70.3228	15.9957	28.417	29.7469	64.5761	24.5802	45.7286
NIOZ130_sc6131_1	15323	59.0267	11.0633	25.2435	25.7041	64.0704	22.2593	46.6143
NIOZ130_sc6205_1	4272	22.3496	3.5507	4.11934	8.17952	10.6694	10.6194	23.4166
NIOZ130_sc6212_1	6088	43.7659	17.1361	35.4418	18.0115	42.6203	8.61839	14.6072
NIOZ130_sc6215_1	5969	39.4726	16.6771	41.7283	15.4965	31.3735	7.29919	9.30732
NIOZ130_sc6249_1	2699	31.774	4.43939	9.56909	12.9698	42.6335	14.3652	37.6389
NIOZ130_sc6260_1	22275	63.7744	14.5066	27.5533	27.2694	59.782	21.9984	44.0459
NIOZ130_sc6285_1	3952	24.0371	8.69253	13.4522	10.4992	16.8467	4.84534	6.25654
NIOZ130_sc6315_1	3239	39.9488	14.0388	22.1747	17.3759	53.6243	8.53415	11.4483
NIOZ130_sc6332_1	3291	20.3524	4.18943	9.36596	8.98886	29.7067	7.17415	16.9279
NIOZ130_sc6335_1	3086	39.3345	6.99046	17.7806	17.0341	84.3506	15.3099	54.2121
NIOZ130_sc6342_1	5176	40.3339	14.8643	19.3609	17.3482	28.456	8.12137	17.5756
NIOZ130_sc6352_1	2994	38.808	12.7155	18.7847	17.7764	26.0273	8.3161	12.8747
NIOZ130_sc6426_1	5617	38.265	15.4185	24.1993	15.6922	25.3968	7.15438	10.7146
NIOZ130_sc6592_1	73433	77.086	17.7651	30.7972	32.0708	62.4521	27.2501	41.86
NIOZ130_sc6598_1	5456	43.6902	15.637	20.9639	18.7443	41.243	9.3089	11.5232
NIOZ130_sc6600_1	5109	39.4505	18.0428	38.1064	14.0226	24.1968	7.38516	14.097
NIOZ130_sc6604_1	5788	45.9393	18.7208	32.4469	18.3682	28.2022	8.8503	15.0792
NIOZ130_sc6632_1	3375	30.8933	12.3888	16.7842	11.0493	17.0394	7.45519	10.6121
NIOZ130_sc6651_1	27418	75.0789	17.0799	34.151	32.8178	58.8771	25.1812	47.1806
NIOZ130_sc6656_1	3350	40.8187	15.3484	31.8657	17.07	31.977	8.40031	17.5956
NIOZ130_sc6696_1	8661	41.9715	17.0149	40.0818	16.5068	45.9309	8.44977	26.6006
NIOZ130_sc6725_1	3904	45.1713	17.9787	35.9884	18.2624	58.4474	8.93021	18.1663
NIOZ130_sc6743_1	3220	42.1827	15.1433	20.826	18.6661	48.7865	8.37329	11.4826
NIOZ130_sc6753_1	3727	46.7104	19.5337	39.9932	19.9737	35.555	7.20296	10.6943
NIOZ130_sc6836_1	3635	44.0841	17.697	22.8335	18.1438	33.9769	8.24333	17.0136
NIOZ130_sc6890_1	4727	38.6648	14.4922	27.2762	15.9185	33.5212	8.2541	14.9006
NIOZ130_sc6892_1	82849	75.0025	16.9359	29.8578	31.9641	73.6431	26.1025	41.5697
NIOZ130_sc6912_1	76742	65.7466	15.2008	24.3955	27.4498	58.1782	23.096	39.2724
NIOZ130_sc6915_1	3300	36.6889	12.8717	24.5716	17.1851	30.826	6.63206	9.44322
NIOZ130_sc7009_1	2967	36.4544	12.4924	22.7982	16.1193	27.7125	7.84274	9.34445
NIOZ130_sc7062_1	4362	38.4295	13.2443	13.6319	16.9862	34.0418	8.19896	15.542
NIOZ130_sc7097_1	6439	67.741	17.847	62.8688	28.9631	151.244	20.9308	86.674
NIOZ130_sc7168_1	14414	65.177	14.0706	24.4288	29.1792	69.44	21.9272	57.2068
NIOZ130_sc7211_1	4928	63.7334	15.2384	34.5288	26.4818	68.5844	22.0132	38.4436
NIOZ130_sc7212_1	3719	40.371	15.0434	40.8875	16.5587	25.9754	8.76884	13.3717
NIOZ130_sc7223_1	3545	24.6916	4.44389	7.26753	12.0359	19.7672	8.21178	12.8287
NIOZ130_sc7236_1	17756	76.7656	16.9622	25.9015	31.9614	59.6113	27.842	54.7727
NIOZ130_sc7238_1	3187	48.2348	9.99704	28.2013	21.8594	72.2704	16.3783	37.8654
NIOZ130_sc7243_1	2987	39.9658	14.7032	20.2914	17.3789	31.2643	7.88368	15.7882
NIOZ130_sc7244_1	3282	40.4668	16.4939	40.4397	16.9652	37.1285	7.00798	12.1223
NIOZ130_sc7318_1	5294	37.3484	14.9646	29.2866	14.2397	20.479	8.14405	11.6152
NIOZ130_sc7333_1	2533	88.0122	19.0227	36.4362	37.6765	82.0467	31.3131	103.966
NIOZ130_sc7409_1	65983	68.7652	15.4773	31.2689	28.9192	62.651	24.3688	50.5221
NIOZ130_sc7493_1	6991	68.6451	17.12	33.7435	28.4783	53.189	23.0468	29.7658
NIOZ130_sc7497_1	3529	37.7035	16.1557	24.3495	14.7526	22.9965	6.79521	17.9574
NIOZ130_sc7508_1	2828	39.9257	14.4866	23.2458	17.5508	51.1681	7.88835	11.9168
NIOZ130_sc7521_1	40751	75.0272	16.5653	55.616	32.9033	180.307	25.5587	112.239
NIOZ130_sc7539_1	3525	35.7914	11.8566	35.0037	16.9428	50.9268	6.992	21.7572
NIOZ130_sc7542_1	5423	43.5955	17.6937	50.9679	17.4093	49.4813	8.49251	24.3885
NIOZ130_sc7557_1	4426	39.1677	14.6684	19.7039	17.8134	44.7698	6.68592	8.41711
NIOZ130_sc7571_1	5546	53.6177	10.8201	19.5116	21.3023	42.244	21.4954	33.1397
NIOZ130_sc7573_1	2692	15.7927	3.29504	4.40805	7.00472	17.6813	5.49292	7.00954
NIOZ130_sc7600_1	3858	41.1899	15.452	31.2126	16.6707	41.153	9.06715	10.667
NIOZ130_sc7626_1	17488	67.5288	16.364	32.1764	27.5871	47.6328	23.5776	36.9507
NIOZ130_sc7646_1	57878	66.2859	15.1588	26.4491	27.4362	60.1952	23.6909	48.0247
NIOZ130_sc7652_1	3070	40.0818	13.3866	19.6599	18.9908	28.4434	7.70445	12.4789
NIOZ130_sc7681_1	2504	19.0743	4.51742	18.4877	8.58241	22.1668	5.97494	15.925
NIOZ130_sc7685_1	3052	39.1351	13.795	27.5152	17.9018	48.3286	7.43832	17.3259
NIOZ130_sc7727_1	2523	43.7573	19.0434	24.8737	17.7598	47.3119	6.95407	7.77397
NIOZ130_sc7744_1	3583	43.635	18.2071	37.4542	17.1515	19.7072	8.27643	11.4909
NIOZ130_sc7763_1	13821	74.8041	16.2425	32.9433	33.4368	77.1793	25.1249	54.6436
NIOZ130_sc7767_1	5139	44.3165	14.659	28.6203	19.5129	93.7812	10.1445	33.2233
NIOZ130_sc7778_1	8743	44.0527	16.3378	34.3938	19.6938	32.9668	8.02106	13.484
NIOZ130_sc7806_1	2883	20.5156	4.72228	10.0615	9.89133	44.8007	5.90194	6.66837
NIOZ130_sc7820_1	3540	72.0802	14.551	19.2236	30.9006	112.808	26.6286	63.2225
NIOZ130_sc7840_1	17883	41.687	15.5711	31.5034	17.5722	41.0388	8.54373	14.6609
NIOZ130_sc7854_1	4395	34.8382	12.7131	28.2409	15.0188	19.8351	7.10648	10.6908
NIOZ130_sc7877_1	4383	73.2249	16.231	35.8384	30.7798	50.6261	26.214	45.6901
NIOZ130_sc7899_1	6134	34.8192	12.2675	22.0646	15.2956	31.2857	7.25602	8.67783
NIOZ130_sc7913_1	7521	42.6169	17.375	31.4933	17.0743	20.8024	8.16755	12.6899
NIOZ130_sc7915_1	2714	27.2239	4.48947	15.7724	13.8042	36.3076	8.93019	47.0631
NIOZ130_sc7924_1	3324	43.4156	16.729	25.7464	19.3333	30.8094	7.3535	15.9254
NIOZ130_sc7951_1	4748	39.4715	16.7973	37.3691	15.7993	30.584	6.87516	12.1884
NIOZ130_sc7969_1	4609	43.0215	16.0446	23.1432	18.2218	30.1078	8.7551	13.6436
NIOZ130_sc7990_1	9517	36.6305	12.4782	20.6043	16.2988	33.0322	7.85353	14.1032
NIOZ130_sc7991_1	6527	40.3814	16.0746	33.5118	17.1654	34.398	7.14129	12.4759
NIOZ130_sc8055_1	40864	66.3231	15.5752	29.029	27.6574	51.3916	23.0905	46.2641
NIOZ130_sc8087_1	9251	70.3104	17.4705	28.0426	30.369	72.4283	22.4709	34.5594
NIOZ130_sc8104_1	2646	36.4655	12.7328	25.1434	15.9828	23.8102	7.75	19.1792
NIOZ130_sc8127_1	4169	33.8196	12.7027	25.319	14.0017	44.7193	7.1152	8.40826
NIOZ130_sc8168_1	3618	37.2405	13.1765	21.3031	16.2584	27.3275	7.80565	15.2434
NIOZ130_sc8180_1	2752	44.6057	17.7982	29.8492	19.0861	43.099	7.72137	14.5126
NIOZ130_sc8191_1	2672	63.6217	15.9072	52.0795	25.5282	66.3847	22.1864	33.1535
NIOZ130_sc8192_1	102524	70.1562	15.838	30.3937	29.9192	63.5731	24.399	47.6405
NIOZ130_sc8196_1	5412	38.1678	14.683	29.8363	14.8993	23.113	8.58552	13.4441
