NIOZ118_sc101_1	2735	1175	0
NIOZ118_sc160_1	9274	1390	0
NIOZ118_sc189_1	5741	869	0
NIOZ118_sc194_1	6345	799	0
NIOZ118_sc209_1	12301	3464	0
NIOZ118_sc230_1	19027	2053	0
NIOZ118_sc240_1	2744	627	0
NIOZ118_sc261_1	4944	313	0
NIOZ118_sc262_1	5328	513	0
NIOZ118_sc266_1	18496	1994	0
NIOZ118_sc272_1	3854	501	0
NIOZ118_sc297_1	7781	1205	0
NIOZ118_sc302_1	13035	1468	0
NIOZ118_sc329_1	3099	495	0
NIOZ118_sc381_1	2814	1094	0
NIOZ118_sc408_1	22839	2690	0
NIOZ118_sc413_1	39093	4936	0
NIOZ118_sc418_1	2764	321	0
NIOZ118_sc436_1	2827	361	0
NIOZ118_sc444_1	10233	1106	0
NIOZ118_sc447_1	3003	367	0
NIOZ118_sc452_1	10986	1380	0
NIOZ118_sc460_1	4847	587	0
NIOZ118_sc488_1	11656	1425	0
NIOZ118_sc491_1	2623	309	0
NIOZ118_sc507_1	3353	187	0
NIOZ118_sc515_1	2535	765	0
NIOZ118_sc519_1	3460	715	0
NIOZ118_sc526_1	6451	1067	0
NIOZ118_sc552_1	21169	3785	0
NIOZ118_sc570_1	3108	520	0
NIOZ118_sc612_1	7174	696	0
NIOZ118_sc627_1	15421	1212	0
NIOZ118_sc635_1	17677	2217	0
NIOZ118_sc652_1	4973	764	0
NIOZ118_sc672_1	5596	290	0
NIOZ118_sc685_1	9454	1134	0
NIOZ118_sc731_1	3719	349	0
NIOZ118_sc733_1	2702	336	0
NIOZ118_sc739_1	5207	551	0
NIOZ118_sc744_1	25821	3537	0
NIOZ118_sc778_1	3540	421	0
NIOZ118_sc781_1	21697	2589	0
NIOZ118_sc783_1	4340	519	0
NIOZ118_sc795_1	4849	528	0
NIOZ118_sc796_1	23242	2548	0
NIOZ118_sc819_1	2941	291	0
NIOZ118_sc844_1	10128	1470	0
NIOZ118_sc845_1	41052	5088	0
NIOZ118_sc851_1	3931	763	0
NIOZ118_sc860_1	3401	667	0
NIOZ118_sc861_1	7477	1119	0
NIOZ118_sc893_1	6525	919	0
NIOZ118_sc934_1	6500	796	0
NIOZ118_sc986_1	6090	735	0
NIOZ118_sc1003_1	6881	753	0
NIOZ118_sc1028_1	3151	420	0
NIOZ118_sc1050_1	7057	778	0
NIOZ118_sc1087_1	3207	389	0
NIOZ118_sc1088_1	10001	854	0
NIOZ118_sc1105_1	2596	378	0
NIOZ118_sc1127_1	2868	349	0
NIOZ118_sc1137_1	47119	6442	0
NIOZ118_sc1146_1	12891	1673	0
NIOZ118_sc1178_1	15190	1770	0
NIOZ118_sc1194_1	2691	322	0
NIOZ118_sc1263_1	5265	751	0
NIOZ118_sc1310_1	4917	829	0
NIOZ118_sc1317_1	76995	8514	0
NIOZ118_sc1322_1	6378	765	0
NIOZ118_sc1324_1	19455	2454	0
NIOZ118_sc1387_1	9777	1061	0
NIOZ118_sc1414_1	2691	324	0
NIOZ118_sc1432_1	8334	1319	0
NIOZ118_sc1449_1	3100	340	0
NIOZ118_sc1453_1	3638	796	0
NIOZ118_sc1469_1	2682	410	0
NIOZ118_sc1478_1	20960	2551	0
NIOZ118_sc1488_1	4173	1234	0
NIOZ118_sc1494_1	13011	1574	0
NIOZ118_sc1506_1	4769	637	0
NIOZ118_sc1521_1	13102	1486	0
NIOZ118_sc1523_1	18839	2367	0
NIOZ118_sc1532_1	3732	464	0
NIOZ118_sc1547_1	5903	887	0
NIOZ118_sc1559_1	35820	4638	0
NIOZ118_sc1571_1	15809	1650	0
NIOZ118_sc1576_1	6970	954	0
NIOZ118_sc1581_1	9460	1193	0
NIOZ118_sc1637_1	2703	1021	0
NIOZ118_sc1639_1	16495	2124	0
NIOZ118_sc1641_1	5445	810	0
NIOZ118_sc1679_1	19095	2454	0
NIOZ118_sc1682_1	9531	1237	0
NIOZ118_sc1687_1	12728	1719	0
NIOZ118_sc1702_1	3042	406	0
NIOZ118_sc1750_1	2604	327	0
NIOZ118_sc1772_1	12490	1483	0
NIOZ118_sc1777_1	10969	1487	0
NIOZ118_sc1839_1	3115	372	0
NIOZ118_sc1873_1	2841	658	0
NIOZ118_sc1902_1	4431	577	0
NIOZ118_sc1930_1	2649	415	0
NIOZ118_sc1961_1	14885	2216	0
NIOZ118_sc1963_1	2561	1035	0
NIOZ118_sc1988_1	4928	459	0
NIOZ118_sc2043_1	15884	2356	0
NIOZ118_sc2053_1	2826	295	0
NIOZ118_sc2057_1	5145	530	0
NIOZ118_sc2063_1	2776	316	0
NIOZ118_sc2071_1	2598	387	0
NIOZ118_sc2094_1	2865	526	0
NIOZ118_sc2129_1	3895	644	0
NIOZ118_sc2197_1	2702	424	0
NIOZ118_sc2242_1	13426	1856	0
NIOZ118_sc2258_1	27625	3803	0
NIOZ118_sc2269_1	12085	1405	0
NIOZ118_sc2278_1	48410	6702	0
NIOZ118_sc2301_1	33607	3616	0
NIOZ118_sc2314_1	6878	854	0
NIOZ118_sc2327_1	2712	553	0
NIOZ118_sc2368_1	15589	2263	0
NIOZ118_sc2388_1	24967	3846	0
NIOZ118_sc2393_1	12457	1703	0
NIOZ118_sc2423_1	2638	159	0
NIOZ118_sc2424_1	10144	1440	0
NIOZ118_sc2431_1	3353	358	0
NIOZ118_sc2518_1	2542	124	0
NIOZ118_sc2529_1	2905	536	0
NIOZ118_sc2569_1	2916	721	0
NIOZ118_sc2571_1	11649	1312	0
NIOZ118_sc2574_1	2756	631	0
NIOZ118_sc2615_1	5050	733	0
NIOZ118_sc2636_1	2586	97	0
NIOZ118_sc2646_1	7343	835	0
NIOZ118_sc2699_1	2605	300	0
NIOZ118_sc2763_1	3140	815	0
NIOZ118_sc2790_1	4655	437	0
NIOZ118_sc2798_1	5915	614	0
NIOZ118_sc2851_1	2925	1302	0
NIOZ118_sc2893_1	8573	990	0
NIOZ118_sc2917_1	2589	233	0
NIOZ118_sc2977_1	2957	547	0
NIOZ118_sc2978_1	58740	8611	0
NIOZ118_sc2986_1	2565	604	0
NIOZ118_sc3008_1	3856	386	0
NIOZ118_sc3012_1	3107	723	0
NIOZ118_sc3021_1	3061	365	0
NIOZ118_sc3035_1	21636	2244	0
NIOZ118_sc3083_1	3330	754	0
NIOZ118_sc3085_1	2760	276	0
NIOZ118_sc3087_1	3192	144	0
NIOZ118_sc3112_1	3108	263	0
NIOZ118_sc3127_1	10208	1273	0
NIOZ118_sc3180_1	3126	371	0
NIOZ118_sc3186_1	8775	1055	0
NIOZ118_sc3203_1	9069	1030	0
NIOZ118_sc3229_1	8526	1055	0
NIOZ118_sc3280_1	5733	2040	0
NIOZ118_sc3311_1	5079	831	0
NIOZ118_sc3321_1	16291	2091	0
NIOZ118_sc3343_1	3059	438	0
NIOZ118_sc3358_1	11210	1089	0
NIOZ118_sc3447_1	4121	471	0
NIOZ118_sc3451_1	2694	353	0
NIOZ118_sc3472_1	12188	1463	0
NIOZ118_sc3495_1	4361	466	0
NIOZ118_sc3512_1	54051	7041	0
NIOZ118_sc3574_1	4961	972	0
NIOZ118_sc3595_1	6898	817	0
NIOZ118_sc3597_1	8724	834	0
NIOZ118_sc3602_1	3254	1304	0
NIOZ118_sc3604_1	5671	923	0
NIOZ118_sc3619_1	51297	6939	0
NIOZ118_sc3650_1	14710	1699	0
NIOZ118_sc3675_1	22832	2540	0
NIOZ118_sc3690_1	2962	414	0
NIOZ118_sc3708_1	3346	691	0
NIOZ118_sc3739_1	18350	2080	0
NIOZ118_sc3749_1	40619	7125	0
NIOZ118_sc3765_1	3063	329	0
NIOZ118_sc3770_1	3113	367	0
NIOZ118_sc3795_1	14990	2134	0
NIOZ118_sc3800_1	2967	628	0
NIOZ118_sc3823_1	8550	1058	0
NIOZ118_sc3827_1	5319	740	0
NIOZ118_sc3851_1	13819	1678	0
NIOZ118_sc3863_1	15122	2000	0
NIOZ118_sc3915_1	120030	16905	0
NIOZ118_sc3926_1	14730	2121	0
NIOZ118_sc3940_1	2541	593	0
NIOZ118_sc3953_1	3847	495	0
NIOZ118_sc3964_1	5493	492	0
NIOZ118_sc3995_1	61821	7949	0
NIOZ118_sc4013_1	16233	3023	0
NIOZ118_sc4016_1	10858	1336	0
NIOZ118_sc4036_1	9258	1555	0
NIOZ118_sc4042_1	6637	884	0
NIOZ118_sc4060_1	10613	1445	0
NIOZ118_sc4088_1	3026	1524	0
NIOZ118_sc4095_1	17618	2538	0
NIOZ118_sc4104_1	3474	936	0
NIOZ118_sc4135_1	5881	324	0
NIOZ118_sc4160_1	3262	268	0
NIOZ118_sc4165_1	64219	9782	0
NIOZ118_sc4171_1	3145	421	0
NIOZ118_sc4187_1	22671	2708	0
NIOZ118_sc4332_1	7735	1673	0
NIOZ118_sc4341_1	3019	408	0
NIOZ118_sc4342_1	64538	8575	0
NIOZ118_sc4345_1	12678	1613	0
NIOZ118_sc4354_1	12986	1487	0
NIOZ118_sc4359_1	16352	2053	0
NIOZ118_sc4381_1	2939	466	0
NIOZ118_sc4397_1	2510	269	0
NIOZ118_sc4436_1	81543	10712	0
NIOZ118_sc4443_1	3027	423	0
NIOZ118_sc4450_1	40754	5013	0
NIOZ118_sc4456_1	4842	637	0
NIOZ118_sc4465_1	3013	909	0
NIOZ118_sc4509_1	13867	1998	0
NIOZ118_sc4543_1	4452	909	0
NIOZ118_sc4550_1	17844	2323	0
NIOZ118_sc4569_1	7288	1634	0
NIOZ118_sc4605_1	12598	1628	0
NIOZ118_sc4624_1	3804	464	0
NIOZ118_sc4637_1	5185	676	0
NIOZ118_sc4639_1	46547	6965	0
NIOZ118_sc4656_1	16998	1325	0
NIOZ118_sc4658_1	8217	919	0
NIOZ118_sc4680_1	5589	694	0
NIOZ118_sc4834_1	6374	1149	0
NIOZ118_sc4871_1	3839	520	0
NIOZ118_sc4906_1	16524	2005	0
NIOZ118_sc4930_1	3153	508	0
NIOZ118_sc4931_1	11600	1255	0
NIOZ118_sc4941_1	39487	4837	0
NIOZ118_sc4976_1	2668	181	0
NIOZ118_sc4991_1	8700	1020	0
NIOZ118_sc4993_1	9756	921	0
NIOZ118_sc5014_1	6685	758	0
NIOZ118_sc5016_1	8744	930	0
NIOZ118_sc5038_1	3555	412	0
NIOZ118_sc5055_1	3191	491	0
NIOZ118_sc5116_1	3151	627	0
NIOZ118_sc5127_1	4086	153	0
NIOZ118_sc5170_1	2591	366	0
NIOZ118_sc5177_1	3111	521	0
NIOZ118_sc5188_1	24994	2643	0
NIOZ118_sc5222_1	3339	339	0
NIOZ118_sc5240_1	13843	1997	0
NIOZ118_sc5241_1	2774	307	0
NIOZ118_sc5246_1	2849	352	0
NIOZ118_sc5249_1	3675	848	0
NIOZ118_sc5251_1	7000	745	0
NIOZ118_sc5297_1	3114	411	0
NIOZ118_sc5300_1	3691	303	0
NIOZ118_sc5310_1	3461	602	0
NIOZ118_sc5318_1	4505	1694	0
NIOZ118_sc5353_1	4112	563	0
NIOZ118_sc5362_1	14875	1746	0
NIOZ118_sc5393_1	3941	766	0
NIOZ118_sc5444_1	4945	713	0
NIOZ118_sc5475_1	60941	7817	0
NIOZ118_sc5515_1	3248	343	0
NIOZ118_sc5526_1	3395	366	0
NIOZ118_sc5528_1	3483	778	0
NIOZ118_sc5545_1	28527	4288	0
NIOZ118_sc5615_1	4608	490	0
NIOZ118_sc5633_1	2880	334	0
NIOZ118_sc5668_1	30795	3364	0
NIOZ118_sc5693_1	26365	3212	0
NIOZ118_sc5701_1	4407	574	0
NIOZ118_sc5712_1	3451	422	0
NIOZ118_sc5720_1	5634	458	0
NIOZ118_sc5764_1	7109	750	0
NIOZ118_sc5769_1	3549	421	0
NIOZ118_sc5784_1	3027	475	0
NIOZ118_sc5870_1	4967	507	0
NIOZ118_sc5881_1	4911	735	0
NIOZ118_sc5926_1	6683	1050	0
NIOZ118_sc5930_1	2697	356	0
NIOZ118_sc5953_1	7024	826	0
NIOZ118_sc5957_1	2660	122	0
NIOZ118_sc5986_1	3699	1165	0
NIOZ118_sc6006_1	3188	505	0
NIOZ118_sc6017_1	2820	242	0
NIOZ118_sc6055_1	5253	607	0
NIOZ118_sc6073_1	11421	1267	0
NIOZ118_sc6123_1	2865	299	0
NIOZ118_sc6157_1	3544	994	0
NIOZ118_sc6222_1	3659	323	0
NIOZ118_sc6235_1	4391	591	0
NIOZ118_sc6273_1	3382	1182	0
NIOZ118_sc6279_1	4851	767	0
NIOZ118_sc6325_1	5485	661	0
NIOZ118_sc6357_1	2730	160	0
NIOZ118_sc6361_1	33170	4090	0
NIOZ118_sc6464_1	8310	747	0
NIOZ118_sc6476_1	4358	503	0
NIOZ118_sc6503_1	5300	979	0
NIOZ118_sc6524_1	15097	1966	0
NIOZ118_sc6526_1	5101	535	0
NIOZ118_sc6530_1	51625	7546	0
NIOZ118_sc6542_1	3256	1185	0
NIOZ118_sc6552_1	27210	3409	0
NIOZ118_sc6558_1	3004	1068	0
NIOZ118_sc6569_1	6011	1049	0
NIOZ118_sc6574_1	3882	595	0
NIOZ118_sc6587_1	2768	539	0
NIOZ118_sc6604_1	2932	373	0
NIOZ118_sc6609_1	2863	174	0
NIOZ118_sc6637_1	6420	1821	0
NIOZ118_sc6681_1	3302	334	0
NIOZ118_sc6695_1	2636	851	0
NIOZ118_sc6715_1	3788	505	0
NIOZ118_sc6721_1	6426	1064	0
NIOZ118_sc6778_1	2671	547	0
NIOZ118_sc6779_1	2674	1269	0
NIOZ118_sc6811_1	4962	1744	0
NIOZ118_sc6836_1	4498	432	0
NIOZ118_sc6923_1	12100	1580	0
NIOZ118_sc6957_1	35167	4477	0
NIOZ118_sc6967_1	2879	877	0
NIOZ118_sc7051_1	6803	899	0
NIOZ118_sc7052_1	3981	424	0
NIOZ118_sc7077_1	3149	763	0
NIOZ118_sc7175_1	2568	758	0
NIOZ118_sc7218_1	3072	494	0
NIOZ118_sc7226_1	6887	2216	0
NIOZ118_sc7304_1	2864	385	0
NIOZ118_sc7319_1	8223	882	0
NIOZ118_sc7320_1	6125	519	0
NIOZ118_sc7321_1	4135	460	0
NIOZ118_sc7323_1	2788	425	0
NIOZ118_sc7349_1	65778	9470	0
NIOZ118_sc7350_1	21612	2411	0
NIOZ118_sc7366_1	34275	4206	0
NIOZ118_sc7380_1	2929	267	0
NIOZ118_sc7454_1	4100	804	0
NIOZ118_sc7485_1	7442	1047	0
NIOZ118_sc7493_1	73293	11148	0
NIOZ118_sc7506_1	8177	1061	0
NIOZ118_sc7512_1	54919	7141	0
NIOZ118_sc7530_1	27416	3831	0
NIOZ118_sc7541_1	20843	2630	0
NIOZ118_sc7550_1	6477	956	0
NIOZ118_sc7560_1	4239	409	0
NIOZ118_sc7575_1	4231	818	0
NIOZ118_sc7593_1	4991	536	0
NIOZ118_sc7611_1	3087	405	0
NIOZ118_sc7616_1	2863	593	0
NIOZ118_sc7627_1	24303	3089	0
NIOZ118_sc7634_1	6514	822	0
NIOZ118_sc7643_1	2730	722	0
NIOZ118_sc7686_1	3301	1175	0
NIOZ118_sc7722_1	2671	984	0
NIOZ118_sc7724_1	3041	499	0
NIOZ118_sc7726_1	3313	616	0
NIOZ118_sc7756_1	2575	230	0
NIOZ118_sc7796_1	2812	866	0
NIOZ118_sc7833_1	3600	562	0
NIOZ118_sc7927_1	30685	3740	0
NIOZ118_sc7948_1	29175	4470	0
NIOZ118_sc7958_1	6828	657	0
NIOZ118_sc7966_1	5795	1268	0
NIOZ118_sc7970_1	40852	6533	0
NIOZ118_sc7988_1	7809	2907	0
NIOZ118_sc7999_1	7007	436	0
NIOZ118_sc8045_1	5776	585	0
NIOZ118_sc8078_1	2577	533	0
NIOZ118_sc8105_1	4947	692	0
NIOZ118_sc8109_1	3251	588	0
NIOZ118_sc8116_1	2500	300	0
NIOZ118_sc8132_1	2819	487	0
NIOZ118_sc8142_1	3083	917	0
NIOZ118_sc8155_1	12997	1253	0
NIOZ118_sc8172_1	3000	91	0
NIOZ118_sc8185_1	2843	578	0
NIOZ118_sc8234_1	12525	2151	0
NIOZ118_sc8268_1	14427	1887	0
NIOZ118_sc8326_1	9052	1119	0
NIOZ118_sc8343_1	6763	776	0
NIOZ118_sc8362_1	3209	188	0
NIOZ118_sc8367_1	2800	245	0
NIOZ118_sc8385_1	172864	21018	0
NIOZ118_sc8398_1	2670	327	0
NIOZ118_sc8499_1	2904	407	0
*	0	0	0
