NIOZ118_sc101_1	2735	1240	0
NIOZ118_sc160_1	9274	1641	0
NIOZ118_sc189_1	5741	976	0
NIOZ118_sc194_1	6345	1260	0
NIOZ118_sc209_1	12301	3465	0
NIOZ118_sc230_1	19027	1417	0
NIOZ118_sc240_1	2744	612	0
NIOZ118_sc261_1	4944	431	0
NIOZ118_sc262_1	5328	309	0
NIOZ118_sc266_1	18496	1752	0
NIOZ118_sc272_1	3854	232	0
NIOZ118_sc297_1	7781	903	0
NIOZ118_sc302_1	13035	985	0
NIOZ118_sc329_1	3099	286	0
NIOZ118_sc381_1	2814	1606	0
NIOZ118_sc408_1	22839	1646	0
NIOZ118_sc413_1	39093	6783	0
NIOZ118_sc418_1	2764	483	0
NIOZ118_sc436_1	2827	232	0
NIOZ118_sc444_1	10233	1034	0
NIOZ118_sc447_1	3003	211	0
NIOZ118_sc452_1	10986	2098	0
NIOZ118_sc460_1	4847	296	0
NIOZ118_sc488_1	11656	913	0
NIOZ118_sc491_1	2623	54	0
NIOZ118_sc507_1	3353	294	0
NIOZ118_sc515_1	2535	694	0
NIOZ118_sc519_1	3460	672	0
NIOZ118_sc526_1	6451	1449	0
NIOZ118_sc552_1	21169	2703	0
NIOZ118_sc570_1	3108	625	0
NIOZ118_sc612_1	7174	512	0
NIOZ118_sc627_1	15421	1823	0
NIOZ118_sc635_1	17677	3589	0
NIOZ118_sc652_1	4973	358	0
NIOZ118_sc672_1	5596	222	0
NIOZ118_sc685_1	9454	818	0
NIOZ118_sc731_1	3719	124	0
NIOZ118_sc733_1	2702	190	0
NIOZ118_sc739_1	5207	412	0
NIOZ118_sc744_1	25821	2489	0
NIOZ118_sc778_1	3540	339	0
NIOZ118_sc781_1	21697	1672	0
NIOZ118_sc783_1	4340	761	0
NIOZ118_sc795_1	4849	934	0
NIOZ118_sc796_1	23242	1502	0
NIOZ118_sc819_1	2941	248	0
NIOZ118_sc844_1	10128	1845	0
NIOZ118_sc845_1	41052	3194	0
NIOZ118_sc851_1	3931	663	0
NIOZ118_sc860_1	3401	634	0
NIOZ118_sc861_1	7477	1593	0
NIOZ118_sc893_1	6525	1125	0
NIOZ118_sc934_1	6500	574	0
NIOZ118_sc986_1	6090	498	0
NIOZ118_sc1003_1	6881	1227	0
NIOZ118_sc1028_1	3151	235	0
NIOZ118_sc1050_1	7057	504	0
NIOZ118_sc1087_1	3207	346	0
NIOZ118_sc1088_1	10001	774	0
NIOZ118_sc1105_1	2596	261	0
NIOZ118_sc1127_1	2868	223	0
NIOZ118_sc1137_1	47119	9131	0
NIOZ118_sc1146_1	12891	850	0
NIOZ118_sc1178_1	15190	963	0
NIOZ118_sc1194_1	2691	138	0
NIOZ118_sc1263_1	5265	1009	0
NIOZ118_sc1310_1	4917	1042	0
NIOZ118_sc1317_1	76995	6138	0
NIOZ118_sc1322_1	6378	1225	0
NIOZ118_sc1324_1	19455	1480	0
NIOZ118_sc1387_1	9777	570	0
NIOZ118_sc1414_1	2691	63	0
NIOZ118_sc1432_1	8334	1779	0
NIOZ118_sc1449_1	3100	163	0
NIOZ118_sc1453_1	3638	667	0
NIOZ118_sc1469_1	2682	456	0
NIOZ118_sc1478_1	20960	1501	0
NIOZ118_sc1488_1	4173	1147	0
NIOZ118_sc1494_1	13011	2415	0
NIOZ118_sc1506_1	4769	525	0
NIOZ118_sc1521_1	13102	735	0
NIOZ118_sc1523_1	18839	3565	0
NIOZ118_sc1532_1	3732	668	0
NIOZ118_sc1547_1	5903	619	0
NIOZ118_sc1559_1	35820	6917	0
NIOZ118_sc1571_1	15809	1163	0
NIOZ118_sc1576_1	6970	486	0
NIOZ118_sc1581_1	9460	890	0
NIOZ118_sc1637_1	2703	923	0
NIOZ118_sc1639_1	16495	1598	0
NIOZ118_sc1641_1	5445	1260	0
NIOZ118_sc1679_1	19095	1841	0
NIOZ118_sc1682_1	9531	753	0
NIOZ118_sc1687_1	12728	1273	0
NIOZ118_sc1702_1	3042	395	0
NIOZ118_sc1750_1	2604	258	0
NIOZ118_sc1772_1	12490	887	0
NIOZ118_sc1777_1	10969	947	0
NIOZ118_sc1839_1	3115	250	0
NIOZ118_sc1873_1	2841	601	0
NIOZ118_sc1902_1	4431	855	0
NIOZ118_sc1930_1	2649	288	0
NIOZ118_sc1961_1	14885	3174	0
NIOZ118_sc1963_1	2561	1373	0
NIOZ118_sc1988_1	4928	472	0
NIOZ118_sc2043_1	15884	3277	0
NIOZ118_sc2053_1	2826	382	0
NIOZ118_sc2057_1	5145	359	0
NIOZ118_sc2063_1	2776	165	0
NIOZ118_sc2071_1	2598	134	0
NIOZ118_sc2094_1	2865	443	0
NIOZ118_sc2129_1	3895	580	0
NIOZ118_sc2197_1	2702	410	0
NIOZ118_sc2242_1	13426	1142	0
NIOZ118_sc2258_1	27625	5237	0
NIOZ118_sc2269_1	12085	584	0
NIOZ118_sc2278_1	48410	9425	0
NIOZ118_sc2301_1	33607	2681	0
NIOZ118_sc2314_1	6878	831	0
NIOZ118_sc2327_1	2712	430	0
NIOZ118_sc2368_1	15589	3155	0
NIOZ118_sc2388_1	24967	5468	0
NIOZ118_sc2393_1	12457	1217	0
NIOZ118_sc2423_1	2638	63	0
NIOZ118_sc2424_1	10144	972	0
NIOZ118_sc2431_1	3353	592	0
NIOZ118_sc2518_1	2542	317	0
NIOZ118_sc2529_1	2905	511	0
NIOZ118_sc2569_1	2916	961	0
NIOZ118_sc2571_1	11649	1379	0
NIOZ118_sc2574_1	2756	619	0
NIOZ118_sc2615_1	5050	627	0
NIOZ118_sc2636_1	2586	136	0
NIOZ118_sc2646_1	7343	1227	0
NIOZ118_sc2699_1	2605	208	0
NIOZ118_sc2763_1	3140	710	0
NIOZ118_sc2790_1	4655	314	0
NIOZ118_sc2798_1	5915	416	0
NIOZ118_sc2851_1	2925	1403	0
NIOZ118_sc2893_1	8573	594	0
NIOZ118_sc2917_1	2589	129	0
NIOZ118_sc2977_1	2957	439	0
NIOZ118_sc2978_1	58740	12270	0
NIOZ118_sc2986_1	2565	586	0
NIOZ118_sc3008_1	3856	685	0
NIOZ118_sc3012_1	3107	550	0
NIOZ118_sc3021_1	3061	118	0
NIOZ118_sc3035_1	21636	1975	0
NIOZ118_sc3083_1	3330	676	0
NIOZ118_sc3085_1	2760	210	0
NIOZ118_sc3087_1	3192	314	0
NIOZ118_sc3112_1	3108	154	0
NIOZ118_sc3127_1	10208	981	0
NIOZ118_sc3180_1	3126	181	0
NIOZ118_sc3186_1	8775	1521	0
NIOZ118_sc3203_1	9069	526	0
NIOZ118_sc3229_1	8526	1583	0
NIOZ118_sc3280_1	5733	1417	0
NIOZ118_sc3311_1	5079	951	0
NIOZ118_sc3321_1	16291	2834	0
NIOZ118_sc3343_1	3059	505	0
NIOZ118_sc3358_1	11210	1682	0
NIOZ118_sc3447_1	4121	325	0
NIOZ118_sc3451_1	2694	268	0
NIOZ118_sc3472_1	12188	2309	0
NIOZ118_sc3495_1	4361	770	0
NIOZ118_sc3512_1	54051	10278	0
NIOZ118_sc3574_1	4961	1070	0
NIOZ118_sc3595_1	6898	577	0
NIOZ118_sc3597_1	8724	564	0
NIOZ118_sc3602_1	3254	1595	0
NIOZ118_sc3604_1	5671	1078	0
NIOZ118_sc3619_1	51297	9831	0
NIOZ118_sc3650_1	14710	1253	0
NIOZ118_sc3675_1	22832	4012	0
NIOZ118_sc3690_1	2962	292	0
NIOZ118_sc3708_1	3346	741	0
NIOZ118_sc3739_1	18350	3335	0
NIOZ118_sc3749_1	40619	9105	0
NIOZ118_sc3765_1	3063	123	0
NIOZ118_sc3770_1	3113	544	0
NIOZ118_sc3795_1	14990	1085	0
NIOZ118_sc3800_1	2967	549	0
NIOZ118_sc3823_1	8550	598	0
NIOZ118_sc3827_1	5319	379	0
NIOZ118_sc3851_1	13819	2452	0
NIOZ118_sc3863_1	15122	2640	0
NIOZ118_sc3915_1	120030	23706	0
NIOZ118_sc3926_1	14730	2707	0
NIOZ118_sc3940_1	2541	719	0
NIOZ118_sc3953_1	3847	210	0
NIOZ118_sc3964_1	5493	684	0
NIOZ118_sc3995_1	61821	11879	0
NIOZ118_sc4013_1	16233	3697	0
NIOZ118_sc4016_1	10858	863	0
NIOZ118_sc4036_1	9258	1997	0
NIOZ118_sc4042_1	6637	486	0
NIOZ118_sc4060_1	10613	866	0
NIOZ118_sc4088_1	3026	1666	0
NIOZ118_sc4095_1	17618	3766	0
NIOZ118_sc4104_1	3474	1154	0
NIOZ118_sc4135_1	5881	295	0
NIOZ118_sc4160_1	3262	350	0
NIOZ118_sc4165_1	64219	13429	0
NIOZ118_sc4171_1	3145	386	0
NIOZ118_sc4187_1	22671	4159	0
NIOZ118_sc4332_1	7735	1740	0
NIOZ118_sc4341_1	3019	223	0
NIOZ118_sc4342_1	64538	12287	0
NIOZ118_sc4345_1	12678	2219	0
NIOZ118_sc4354_1	12986	2277	0
NIOZ118_sc4359_1	16352	1644	0
NIOZ118_sc4381_1	2939	237	0
NIOZ118_sc4397_1	2510	126	0
NIOZ118_sc4436_1	81543	15353	0
NIOZ118_sc4443_1	3027	303	0
NIOZ118_sc4450_1	40754	7042	0
NIOZ118_sc4456_1	4842	259	0
NIOZ118_sc4465_1	3013	1056	0
NIOZ118_sc4509_1	13867	2635	0
NIOZ118_sc4543_1	4452	1181	0
NIOZ118_sc4550_1	17844	1843	0
NIOZ118_sc4569_1	7288	1591	0
NIOZ118_sc4605_1	12598	1307	0
NIOZ118_sc4624_1	3804	220	0
NIOZ118_sc4637_1	5185	957	0
NIOZ118_sc4639_1	46547	9439	0
NIOZ118_sc4656_1	16998	1964	0
NIOZ118_sc4658_1	8217	557	0
NIOZ118_sc4680_1	5589	839	0
NIOZ118_sc4834_1	6374	501	0
NIOZ118_sc4871_1	3839	252	0
NIOZ118_sc4906_1	16524	3005	0
NIOZ118_sc4930_1	3153	370	0
NIOZ118_sc4931_1	11600	1760	0
NIOZ118_sc4941_1	39487	6993	0
NIOZ118_sc4976_1	2668	251	0
NIOZ118_sc4991_1	8700	918	0
NIOZ118_sc4993_1	9756	1104	0
NIOZ118_sc5014_1	6685	804	0
NIOZ118_sc5016_1	8744	857	0
NIOZ118_sc5038_1	3555	578	0
NIOZ118_sc5055_1	3191	387	0
NIOZ118_sc5116_1	3151	603	0
NIOZ118_sc5127_1	4086	342	0
NIOZ118_sc5170_1	2591	229	0
NIOZ118_sc5177_1	3111	460	0
NIOZ118_sc5188_1	24994	1845	0
NIOZ118_sc5222_1	3339	592	0
NIOZ118_sc5240_1	13843	2889	0
NIOZ118_sc5241_1	2774	268	0
NIOZ118_sc5246_1	2849	157	0
NIOZ118_sc5249_1	3675	937	0
NIOZ118_sc5251_1	7000	475	0
NIOZ118_sc5297_1	3114	632	0
NIOZ118_sc5300_1	3691	355	0
NIOZ118_sc5310_1	3461	407	0
NIOZ118_sc5318_1	4505	2000	0
NIOZ118_sc5353_1	4112	480	0
NIOZ118_sc5362_1	14875	1096	0
NIOZ118_sc5393_1	3941	738	0
NIOZ118_sc5444_1	4945	705	0
NIOZ118_sc5475_1	60941	11446	0
NIOZ118_sc5515_1	3248	272	0
NIOZ118_sc5526_1	3395	239	0
NIOZ118_sc5528_1	3483	651	0
NIOZ118_sc5545_1	28527	6081	0
NIOZ118_sc5615_1	4608	729	0
NIOZ118_sc5633_1	2880	206	0
NIOZ118_sc5668_1	30795	1614	0
NIOZ118_sc5693_1	26365	4639	0
NIOZ118_sc5701_1	4407	929	0
NIOZ118_sc5712_1	3451	318	0
NIOZ118_sc5720_1	5634	884	0
NIOZ118_sc5764_1	7109	619	0
NIOZ118_sc5769_1	3549	703	0
NIOZ118_sc5784_1	3027	313	0
NIOZ118_sc5870_1	4967	694	0
NIOZ118_sc5881_1	4911	490	0
NIOZ118_sc5926_1	6683	1437	0
NIOZ118_sc5930_1	2697	506	0
NIOZ118_sc5953_1	7024	365	0
NIOZ118_sc5957_1	2660	361	0
NIOZ118_sc5986_1	3699	1179	0
NIOZ118_sc6006_1	3188	221	0
NIOZ118_sc6017_1	2820	302	0
NIOZ118_sc6055_1	5253	488	0
NIOZ118_sc6073_1	11421	659	0
NIOZ118_sc6123_1	2865	185	0
NIOZ118_sc6157_1	3544	1015	0
NIOZ118_sc6222_1	3659	100	0
NIOZ118_sc6235_1	4391	349	0
NIOZ118_sc6273_1	3382	1295	0
NIOZ118_sc6279_1	4851	966	0
NIOZ118_sc6325_1	5485	494	0
NIOZ118_sc6357_1	2730	78	0
NIOZ118_sc6361_1	33170	5833	0
NIOZ118_sc6464_1	8310	446	0
NIOZ118_sc6476_1	4358	117	0
NIOZ118_sc6503_1	5300	747	0
NIOZ118_sc6524_1	15097	1210	0
NIOZ118_sc6526_1	5101	403	0
NIOZ118_sc6530_1	51625	10779	0
NIOZ118_sc6542_1	3256	1216	0
NIOZ118_sc6552_1	27210	2334	0
NIOZ118_sc6558_1	3004	1235	0
NIOZ118_sc6569_1	6011	1133	0
NIOZ118_sc6574_1	3882	309	0
NIOZ118_sc6587_1	2768	486	0
NIOZ118_sc6604_1	2932	504	0
NIOZ118_sc6609_1	2863	160	0
NIOZ118_sc6637_1	6420	2081	0
NIOZ118_sc6681_1	3302	210	0
NIOZ118_sc6695_1	2636	940	0
NIOZ118_sc6715_1	3788	213	0
NIOZ118_sc6721_1	6426	1221	0
NIOZ118_sc6778_1	2671	526	0
NIOZ118_sc6779_1	2674	1630	0
NIOZ118_sc6811_1	4962	1850	0
NIOZ118_sc6836_1	4498	299	0
NIOZ118_sc6923_1	12100	905	0
NIOZ118_sc6957_1	35167	6770	0
NIOZ118_sc6967_1	2879	1023	0
NIOZ118_sc7051_1	6803	586	0
NIOZ118_sc7052_1	3981	338	0
NIOZ118_sc7077_1	3149	723	0
NIOZ118_sc7175_1	2568	685	0
NIOZ118_sc7218_1	3072	481	0
NIOZ118_sc7226_1	6887	1399	0
NIOZ118_sc7304_1	2864	224	0
NIOZ118_sc7319_1	8223	523	0
NIOZ118_sc7320_1	6125	844	0
NIOZ118_sc7321_1	4135	408	0
NIOZ118_sc7323_1	2788	413	0
NIOZ118_sc7349_1	65778	13715	0
NIOZ118_sc7350_1	21612	1706	0
NIOZ118_sc7366_1	34275	6171	0
NIOZ118_sc7380_1	2929	128	0
NIOZ118_sc7454_1	4100	723	0
NIOZ118_sc7485_1	7442	1581	0
NIOZ118_sc7493_1	73293	15633	0
NIOZ118_sc7506_1	8177	1049	0
NIOZ118_sc7512_1	54919	10227	0
NIOZ118_sc7530_1	27416	5312	0
NIOZ118_sc7541_1	20843	1716	0
NIOZ118_sc7550_1	6477	482	0
NIOZ118_sc7560_1	4239	245	0
NIOZ118_sc7575_1	4231	843	0
NIOZ118_sc7593_1	4991	848	0
NIOZ118_sc7611_1	3087	537	0
NIOZ118_sc7616_1	2863	544	0
NIOZ118_sc7627_1	24303	4437	0
NIOZ118_sc7634_1	6514	607	0
NIOZ118_sc7643_1	2730	448	0
NIOZ118_sc7686_1	3301	1130	0
NIOZ118_sc7722_1	2671	1099	0
NIOZ118_sc7724_1	3041	213	0
NIOZ118_sc7726_1	3313	648	0
NIOZ118_sc7756_1	2575	60	0
NIOZ118_sc7796_1	2812	987	0
NIOZ118_sc7833_1	3600	776	0
NIOZ118_sc7927_1	30685	5547	0
NIOZ118_sc7948_1	29175	6242	0
NIOZ118_sc7958_1	6828	692	0
NIOZ118_sc7966_1	5795	1161	0
NIOZ118_sc7970_1	40852	8720	0
NIOZ118_sc7988_1	7809	2503	0
NIOZ118_sc7999_1	7007	843	0
NIOZ118_sc8045_1	5776	490	0
NIOZ118_sc8078_1	2577	624	0
NIOZ118_sc8105_1	4947	764	0
NIOZ118_sc8109_1	3251	473	0
NIOZ118_sc8116_1	2500	139	0
NIOZ118_sc8132_1	2819	297	0
NIOZ118_sc8142_1	3083	1219	0
NIOZ118_sc8155_1	12997	882	0
NIOZ118_sc8172_1	3000	186	0
NIOZ118_sc8185_1	2843	491	0
NIOZ118_sc8234_1	12525	2747	0
NIOZ118_sc8268_1	14427	2682	0
NIOZ118_sc8326_1	9052	1478	0
NIOZ118_sc8343_1	6763	1179	0
NIOZ118_sc8362_1	3209	155	0
NIOZ118_sc8367_1	2800	251	0
NIOZ118_sc8385_1	172864	31298	0
NIOZ118_sc8398_1	2670	279	0
NIOZ118_sc8499_1	2904	334	0
*	0	0	0
