NIOZ118_sc101_1	2735	1569	0
NIOZ118_sc160_1	9274	2261	0
NIOZ118_sc189_1	5741	1339	0
NIOZ118_sc194_1	6345	1397	0
NIOZ118_sc209_1	12301	4741	0
NIOZ118_sc230_1	19027	2609	0
NIOZ118_sc240_1	2744	713	0
NIOZ118_sc261_1	4944	496	0
NIOZ118_sc262_1	5328	552	0
NIOZ118_sc266_1	18496	2490	0
NIOZ118_sc272_1	3854	521	0
NIOZ118_sc297_1	7781	1234	0
NIOZ118_sc302_1	13035	1659	0
NIOZ118_sc329_1	3099	594	0
NIOZ118_sc381_1	2814	1681	0
NIOZ118_sc408_1	22839	2748	0
NIOZ118_sc413_1	39093	8580	0
NIOZ118_sc418_1	2764	614	0
NIOZ118_sc436_1	2827	416	0
NIOZ118_sc444_1	10233	1487	0
NIOZ118_sc447_1	3003	313	0
NIOZ118_sc452_1	10986	2312	0
NIOZ118_sc460_1	4847	337	0
NIOZ118_sc488_1	11656	1609	0
NIOZ118_sc491_1	2623	133	0
NIOZ118_sc507_1	3353	234	0
NIOZ118_sc515_1	2535	801	0
NIOZ118_sc519_1	3460	787	0
NIOZ118_sc526_1	6451	1828	0
NIOZ118_sc552_1	21169	4093	0
NIOZ118_sc570_1	3108	779	0
NIOZ118_sc612_1	7174	819	0
NIOZ118_sc627_1	15421	2090	0
NIOZ118_sc635_1	17677	4042	0
NIOZ118_sc652_1	4973	743	0
NIOZ118_sc672_1	5596	433	0
NIOZ118_sc685_1	9454	1412	0
NIOZ118_sc731_1	3719	294	0
NIOZ118_sc733_1	2702	396	0
NIOZ118_sc739_1	5207	699	0
NIOZ118_sc744_1	25821	4154	0
NIOZ118_sc778_1	3540	459	0
NIOZ118_sc781_1	21697	3010	0
NIOZ118_sc783_1	4340	844	0
NIOZ118_sc795_1	4849	1000	0
NIOZ118_sc796_1	23242	2846	0
NIOZ118_sc819_1	2941	375	0
NIOZ118_sc844_1	10128	2351	0
NIOZ118_sc845_1	41052	6250	0
NIOZ118_sc851_1	3931	952	0
NIOZ118_sc860_1	3401	903	0
NIOZ118_sc861_1	7477	1877	0
NIOZ118_sc893_1	6525	1376	0
NIOZ118_sc934_1	6500	928	0
NIOZ118_sc986_1	6090	774	0
NIOZ118_sc1003_1	6881	1327	0
NIOZ118_sc1028_1	3151	380	0
NIOZ118_sc1050_1	7057	948	0
NIOZ118_sc1087_1	3207	501	0
NIOZ118_sc1088_1	10001	1190	0
NIOZ118_sc1105_1	2596	380	0
NIOZ118_sc1127_1	2868	380	0
NIOZ118_sc1137_1	47119	12020	0
NIOZ118_sc1146_1	12891	1793	0
NIOZ118_sc1178_1	15190	1765	0
NIOZ118_sc1194_1	2691	240	0
NIOZ118_sc1263_1	5265	1055	0
NIOZ118_sc1310_1	4917	1378	0
NIOZ118_sc1317_1	76995	10160	0
NIOZ118_sc1322_1	6378	1418	0
NIOZ118_sc1324_1	19455	2646	0
NIOZ118_sc1387_1	9777	1268	0
NIOZ118_sc1414_1	2691	111	0
NIOZ118_sc1432_1	8334	2124	0
NIOZ118_sc1449_1	3100	230	0
NIOZ118_sc1453_1	3638	902	0
NIOZ118_sc1469_1	2682	662	0
NIOZ118_sc1478_1	20960	2745	0
NIOZ118_sc1488_1	4173	1596	0
NIOZ118_sc1494_1	13011	2719	0
NIOZ118_sc1506_1	4769	858	0
NIOZ118_sc1521_1	13102	1694	0
NIOZ118_sc1523_1	18839	4154	0
NIOZ118_sc1532_1	3732	923	0
NIOZ118_sc1547_1	5903	981	0
NIOZ118_sc1559_1	35820	8410	0
NIOZ118_sc1571_1	15809	1998	0
NIOZ118_sc1576_1	6970	899	0
NIOZ118_sc1581_1	9460	1425	0
NIOZ118_sc1637_1	2703	1214	0
NIOZ118_sc1639_1	16495	2541	0
NIOZ118_sc1641_1	5445	1364	0
NIOZ118_sc1679_1	19095	2933	0
NIOZ118_sc1682_1	9531	1259	0
NIOZ118_sc1687_1	12728	2106	0
NIOZ118_sc1702_1	3042	521	0
NIOZ118_sc1750_1	2604	451	0
NIOZ118_sc1772_1	12490	1747	0
NIOZ118_sc1777_1	10969	1506	0
NIOZ118_sc1839_1	3115	380	0
NIOZ118_sc1873_1	2841	898	0
NIOZ118_sc1902_1	4431	1035	0
NIOZ118_sc1930_1	2649	337	0
NIOZ118_sc1961_1	14885	3438	0
NIOZ118_sc1963_1	2561	1661	0
NIOZ118_sc1988_1	4928	596	0
NIOZ118_sc2043_1	15884	4244	0
NIOZ118_sc2053_1	2826	530	0
NIOZ118_sc2057_1	5145	436	0
NIOZ118_sc2063_1	2776	369	0
NIOZ118_sc2071_1	2598	196	0
NIOZ118_sc2094_1	2865	509	0
NIOZ118_sc2129_1	3895	672	0
NIOZ118_sc2197_1	2702	533	0
NIOZ118_sc2242_1	13426	1974	0
NIOZ118_sc2258_1	27625	6864	0
NIOZ118_sc2269_1	12085	1390	0
NIOZ118_sc2278_1	48410	11623	0
NIOZ118_sc2301_1	33607	4510	0
NIOZ118_sc2314_1	6878	1104	0
NIOZ118_sc2327_1	2712	510	0
NIOZ118_sc2368_1	15589	4015	0
NIOZ118_sc2388_1	24967	6905	0
NIOZ118_sc2393_1	12457	1895	0
NIOZ118_sc2423_1	2638	103	0
NIOZ118_sc2424_1	10144	1688	0
NIOZ118_sc2431_1	3353	620	0
NIOZ118_sc2518_1	2542	352	0
NIOZ118_sc2529_1	2905	724	0
NIOZ118_sc2569_1	2916	1161	0
NIOZ118_sc2571_1	11649	1673	0
NIOZ118_sc2574_1	2756	762	0
NIOZ118_sc2615_1	5050	839	0
NIOZ118_sc2636_1	2586	241	0
NIOZ118_sc2646_1	7343	1283	0
NIOZ118_sc2699_1	2605	318	0
NIOZ118_sc2763_1	3140	957	0
NIOZ118_sc2790_1	4655	606	0
NIOZ118_sc2798_1	5915	750	0
NIOZ118_sc2851_1	2925	1626	0
NIOZ118_sc2893_1	8573	1248	0
NIOZ118_sc2917_1	2589	203	0
NIOZ118_sc2977_1	2957	534	0
NIOZ118_sc2978_1	58740	14547	0
NIOZ118_sc2986_1	2565	704	0
NIOZ118_sc3008_1	3856	970	0
NIOZ118_sc3012_1	3107	805	0
NIOZ118_sc3021_1	3061	170	0
NIOZ118_sc3035_1	21636	2853	0
NIOZ118_sc3083_1	3330	818	0
NIOZ118_sc3085_1	2760	354	0
NIOZ118_sc3087_1	3192	370	0
NIOZ118_sc3112_1	3108	278	0
NIOZ118_sc3127_1	10208	1396	0
NIOZ118_sc3180_1	3126	269	0
NIOZ118_sc3186_1	8775	1874	0
NIOZ118_sc3203_1	9069	1128	0
NIOZ118_sc3229_1	8526	1930	0
NIOZ118_sc3280_1	5733	1890	0
NIOZ118_sc3311_1	5079	1183	0
NIOZ118_sc3321_1	16291	3676	0
NIOZ118_sc3343_1	3059	846	0
NIOZ118_sc3358_1	11210	1927	0
NIOZ118_sc3447_1	4121	511	0
NIOZ118_sc3451_1	2694	416	0
NIOZ118_sc3472_1	12188	3022	0
NIOZ118_sc3495_1	4361	1012	0
NIOZ118_sc3512_1	54051	12235	0
NIOZ118_sc3574_1	4961	1495	0
NIOZ118_sc3595_1	6898	974	0
NIOZ118_sc3597_1	8724	1013	0
NIOZ118_sc3602_1	3254	1871	0
NIOZ118_sc3604_1	5671	1562	0
NIOZ118_sc3619_1	51297	11872	0
NIOZ118_sc3650_1	14710	2127	0
NIOZ118_sc3675_1	22832	4807	0
NIOZ118_sc3690_1	2962	349	0
NIOZ118_sc3708_1	3346	957	0
NIOZ118_sc3739_1	18350	3957	0
NIOZ118_sc3749_1	40619	11905	0
NIOZ118_sc3765_1	3063	281	0
NIOZ118_sc3770_1	3113	617	0
NIOZ118_sc3795_1	14990	2440	0
NIOZ118_sc3800_1	2967	709	0
NIOZ118_sc3823_1	8550	1242	0
NIOZ118_sc3827_1	5319	717	0
NIOZ118_sc3851_1	13819	2941	0
NIOZ118_sc3863_1	15122	3541	0
NIOZ118_sc3915_1	120030	28797	0
NIOZ118_sc3926_1	14730	3419	0
NIOZ118_sc3940_1	2541	825	0
NIOZ118_sc3953_1	3847	540	0
NIOZ118_sc3964_1	5493	861	0
NIOZ118_sc3995_1	61821	14016	0
NIOZ118_sc4013_1	16233	4519	0
NIOZ118_sc4016_1	10858	1434	0
NIOZ118_sc4036_1	9258	2491	0
NIOZ118_sc4042_1	6637	1007	0
NIOZ118_sc4060_1	10613	1444	0
NIOZ118_sc4088_1	3026	2068	0
NIOZ118_sc4095_1	17618	4650	0
NIOZ118_sc4104_1	3474	1336	0
NIOZ118_sc4135_1	5881	494	0
NIOZ118_sc4160_1	3262	352	0
NIOZ118_sc4165_1	64219	16467	0
NIOZ118_sc4171_1	3145	471	0
NIOZ118_sc4187_1	22671	5081	0
NIOZ118_sc4332_1	7735	2215	0
NIOZ118_sc4341_1	3019	366	0
NIOZ118_sc4342_1	64538	14783	0
NIOZ118_sc4345_1	12678	2911	0
NIOZ118_sc4354_1	12986	2628	0
NIOZ118_sc4359_1	16352	2483	0
NIOZ118_sc4381_1	2939	399	0
NIOZ118_sc4397_1	2510	291	0
NIOZ118_sc4436_1	81543	18714	0
NIOZ118_sc4443_1	3027	417	0
NIOZ118_sc4450_1	40754	8435	0
NIOZ118_sc4456_1	4842	649	0
NIOZ118_sc4465_1	3013	1330	0
NIOZ118_sc4509_1	13867	3038	0
NIOZ118_sc4543_1	4452	1352	0
NIOZ118_sc4550_1	17844	2977	0
NIOZ118_sc4569_1	7288	1835	0
NIOZ118_sc4605_1	12598	1832	0
NIOZ118_sc4624_1	3804	347	0
NIOZ118_sc4637_1	5185	1124	0
NIOZ118_sc4639_1	46547	12024	0
NIOZ118_sc4656_1	16998	2236	0
NIOZ118_sc4658_1	8217	964	0
NIOZ118_sc4680_1	5589	1185	0
NIOZ118_sc4834_1	6374	1103	0
NIOZ118_sc4871_1	3839	572	0
NIOZ118_sc4906_1	16524	3697	0
NIOZ118_sc4930_1	3153	395	0
NIOZ118_sc4931_1	11600	1958	0
NIOZ118_sc4941_1	39487	8975	0
NIOZ118_sc4976_1	2668	359	0
NIOZ118_sc4991_1	8700	1355	0
NIOZ118_sc4993_1	9756	1348	0
NIOZ118_sc5014_1	6685	1094	0
NIOZ118_sc5016_1	8744	1171	0
NIOZ118_sc5038_1	3555	689	0
NIOZ118_sc5055_1	3191	626	0
NIOZ118_sc5116_1	3151	623	0
NIOZ118_sc5127_1	4086	309	0
NIOZ118_sc5170_1	2591	249	0
NIOZ118_sc5177_1	3111	520	0
NIOZ118_sc5188_1	24994	3047	0
NIOZ118_sc5222_1	3339	679	0
NIOZ118_sc5240_1	13843	3769	0
NIOZ118_sc5241_1	2774	389	0
NIOZ118_sc5246_1	2849	313	0
NIOZ118_sc5249_1	3675	1095	0
NIOZ118_sc5251_1	7000	850	0
NIOZ118_sc5297_1	3114	777	0
NIOZ118_sc5300_1	3691	509	0
NIOZ118_sc5310_1	3461	579	0
NIOZ118_sc5318_1	4505	2389	0
NIOZ118_sc5353_1	4112	601	0
NIOZ118_sc5362_1	14875	2099	0
NIOZ118_sc5393_1	3941	702	0
NIOZ118_sc5444_1	4945	856	0
NIOZ118_sc5475_1	60941	13701	0
NIOZ118_sc5515_1	3248	464	0
NIOZ118_sc5526_1	3395	442	0
NIOZ118_sc5528_1	3483	843	0
NIOZ118_sc5545_1	28527	7356	0
NIOZ118_sc5615_1	4608	952	0
NIOZ118_sc5633_1	2880	377	0
NIOZ118_sc5668_1	30795	3402	0
NIOZ118_sc5693_1	26365	5610	0
NIOZ118_sc5701_1	4407	1048	0
NIOZ118_sc5712_1	3451	482	0
NIOZ118_sc5720_1	5634	904	0
NIOZ118_sc5764_1	7109	866	0
NIOZ118_sc5769_1	3549	823	0
NIOZ118_sc5784_1	3027	443	0
NIOZ118_sc5870_1	4967	932	0
NIOZ118_sc5881_1	4911	753	0
NIOZ118_sc5926_1	6683	1700	0
NIOZ118_sc5930_1	2697	597	0
NIOZ118_sc5953_1	7024	776	0
NIOZ118_sc5957_1	2660	282	0
NIOZ118_sc5986_1	3699	1467	0
NIOZ118_sc6006_1	3188	439	0
NIOZ118_sc6017_1	2820	382	0
NIOZ118_sc6055_1	5253	721	0
NIOZ118_sc6073_1	11421	1277	0
NIOZ118_sc6123_1	2865	229	0
NIOZ118_sc6157_1	3544	1288	0
NIOZ118_sc6222_1	3659	174	0
NIOZ118_sc6235_1	4391	607	0
NIOZ118_sc6273_1	3382	1803	0
NIOZ118_sc6279_1	4851	1120	0
NIOZ118_sc6325_1	5485	846	0
NIOZ118_sc6357_1	2730	98	0
NIOZ118_sc6361_1	33170	7308	0
NIOZ118_sc6464_1	8310	909	0
NIOZ118_sc6476_1	4358	344	0
NIOZ118_sc6503_1	5300	785	0
NIOZ118_sc6524_1	15097	2268	0
NIOZ118_sc6526_1	5101	682	0
NIOZ118_sc6530_1	51625	13153	0
NIOZ118_sc6542_1	3256	1530	0
NIOZ118_sc6552_1	27210	3930	0
NIOZ118_sc6558_1	3004	1367	0
NIOZ118_sc6569_1	6011	1764	0
NIOZ118_sc6574_1	3882	587	0
NIOZ118_sc6587_1	2768	621	0
NIOZ118_sc6604_1	2932	657	0
NIOZ118_sc6609_1	2863	220	0
NIOZ118_sc6637_1	6420	2200	0
NIOZ118_sc6681_1	3302	248	0
NIOZ118_sc6695_1	2636	1114	0
NIOZ118_sc6715_1	3788	482	0
NIOZ118_sc6721_1	6426	1439	0
NIOZ118_sc6778_1	2671	622	0
NIOZ118_sc6779_1	2674	1907	0
NIOZ118_sc6811_1	4962	2186	0
NIOZ118_sc6836_1	4498	372	0
NIOZ118_sc6923_1	12100	1759	0
NIOZ118_sc6957_1	35167	8154	0
NIOZ118_sc6967_1	2879	1193	0
NIOZ118_sc7051_1	6803	886	0
NIOZ118_sc7052_1	3981	576	0
NIOZ118_sc7077_1	3149	860	0
NIOZ118_sc7175_1	2568	933	0
NIOZ118_sc7218_1	3072	547	0
NIOZ118_sc7226_1	6887	2071	0
NIOZ118_sc7304_1	2864	320	0
NIOZ118_sc7319_1	8223	888	0
NIOZ118_sc7320_1	6125	879	0
NIOZ118_sc7321_1	4135	619	0
NIOZ118_sc7323_1	2788	519	0
NIOZ118_sc7349_1	65778	16698	0
NIOZ118_sc7350_1	21612	2761	0
NIOZ118_sc7366_1	34275	7390	0
NIOZ118_sc7380_1	2929	153	0
NIOZ118_sc7454_1	4100	858	0
NIOZ118_sc7485_1	7442	1793	0
NIOZ118_sc7493_1	73293	18830	0
NIOZ118_sc7506_1	8177	1490	0
NIOZ118_sc7512_1	54919	12927	0
NIOZ118_sc7530_1	27416	6930	0
NIOZ118_sc7541_1	20843	2749	0
NIOZ118_sc7550_1	6477	675	0
NIOZ118_sc7560_1	4239	431	0
NIOZ118_sc7575_1	4231	905	0
NIOZ118_sc7593_1	4991	1078	0
NIOZ118_sc7611_1	3087	685	0
NIOZ118_sc7616_1	2863	633	0
NIOZ118_sc7627_1	24303	5727	0
NIOZ118_sc7634_1	6514	1055	0
NIOZ118_sc7643_1	2730	668	0
NIOZ118_sc7686_1	3301	1390	0
NIOZ118_sc7722_1	2671	1067	0
NIOZ118_sc7724_1	3041	425	0
NIOZ118_sc7726_1	3313	830	0
NIOZ118_sc7756_1	2575	116	0
NIOZ118_sc7796_1	2812	1011	0
NIOZ118_sc7833_1	3600	819	0
NIOZ118_sc7927_1	30685	6499	0
NIOZ118_sc7948_1	29175	7481	0
NIOZ118_sc7958_1	6828	952	0
NIOZ118_sc7966_1	5795	1289	0
NIOZ118_sc7970_1	40852	11329	0
NIOZ118_sc7988_1	7809	3499	0
NIOZ118_sc7999_1	7007	990	0
NIOZ118_sc8045_1	5776	783	0
NIOZ118_sc8078_1	2577	697	0
NIOZ118_sc8105_1	4947	1079	0
NIOZ118_sc8109_1	3251	581	0
NIOZ118_sc8116_1	2500	302	0
NIOZ118_sc8132_1	2819	481	0
NIOZ118_sc8142_1	3083	1258	0
NIOZ118_sc8155_1	12997	1629	0
NIOZ118_sc8172_1	3000	131	0
NIOZ118_sc8185_1	2843	736	0
NIOZ118_sc8234_1	12525	3358	0
NIOZ118_sc8268_1	14427	3439	0
NIOZ118_sc8326_1	9052	1959	0
NIOZ118_sc8343_1	6763	1390	0
NIOZ118_sc8362_1	3209	268	0
NIOZ118_sc8367_1	2800	304	0
NIOZ118_sc8385_1	172864	36831	0
NIOZ118_sc8398_1	2670	294	0
NIOZ118_sc8499_1	2904	375	0
*	0	0	0
