NIOZ118_sc101_1	14.7327	7.70097	2.43017
NIOZ118_sc160_1	17.3625	30.2124	22.3762
NIOZ118_sc189_1	19.0224	31.1284	21.9113
NIOZ118_sc194_1	12.2776	26.4253	24.2436
NIOZ118_sc209_1	20.0705	34.6894	28.0314
NIOZ118_sc230_1	14.0489	17.0448	6.75335
NIOZ118_sc240_1	5.4202	7.22745	5.33809
NIOZ118_sc261_1	9.02169	14.3402	11.5188
NIOZ118_sc262_1	12.816	13.7339	6.43318
NIOZ118_sc266_1	13.519	14.6142	7.07315
NIOZ118_sc272_1	16.0003	16.348	6.97975
NIOZ118_sc297_1	14.6236	15.9966	8.28882
NIOZ118_sc302_1	14.4341	15.7998	7.21521
NIOZ118_sc329_1	14.9383	17.5019	6.65141
NIOZ118_sc381_1	5.08784	14.7849	9.86411
NIOZ118_sc408_1	15.3961	15.6406	7.33122
NIOZ118_sc413_1	15.0646	28.1832	21.9655
NIOZ118_sc418_1	12.1844	26.0054	18.4621
NIOZ118_sc436_1	15.5487	19.1939	8.17669
NIOZ118_sc444_1	11.7002	14.7889	7.4823
NIOZ118_sc447_1	4.63091	9.04977	4.39397
NIOZ118_sc452_1	15.7937	28.0126	26.0013
NIOZ118_sc460_1	13.0485	5.86885	2.66617
NIOZ118_sc488_1	15.7462	16.2726	7.33974
NIOZ118_sc491_1	16.1646	7.07238	2.78569
NIOZ118_sc507_1	5.99344	8.18046	9.52295
NIOZ118_sc515_1	17.8063	6.35388	2.53166
NIOZ118_sc519_1	13.2091	6.07372	2.41057
NIOZ118_sc526_1	15.6816	30.3038	24.9668
NIOZ118_sc552_1	16.6222	17.5897	7.16285
NIOZ118_sc570_1	2.47465	5.8783	4.5737
NIOZ118_sc612_1	13.0249	14.4939	7.3955
NIOZ118_sc627_1	10.5197	17.6516	15.1477
NIOZ118_sc635_1	17.0027	32.0608	27.8993
NIOZ118_sc652_1	21.1107	21.1731	8.90214
NIOZ118_sc672_1	6.94712	10.0555	5.26937
NIOZ118_sc685_1	15.3564	17.4435	8.18121
NIOZ118_sc731_1	11.4346	10.1858	4.22836
NIOZ118_sc733_1	16.8875	19.0987	8.12382
NIOZ118_sc739_1	12.9735	15.6559	6.25193
NIOZ118_sc744_1	16.5623	18.1465	7.22368
NIOZ118_sc778_1	14.6032	14.7897	7.71652
NIOZ118_sc781_1	14.7386	17.0394	7.09194
NIOZ118_sc783_1	11.5675	14.348	7.92315
NIOZ118_sc795_1	13.4537	27.1077	26.4022
NIOZ118_sc796_1	14.3182	15.7418	6.5272
NIOZ118_sc819_1	12.5564	15.1788	7.57255
NIOZ118_sc844_1	15.5273	28.4629	23.1998
NIOZ118_sc845_1	15.458	18.7887	7.10601
NIOZ118_sc851_1	11.8503	6.56837	1.48294
NIOZ118_sc860_1	1.7653	7.8665	4.9231
NIOZ118_sc861_1	15.9036	29.6202	24.724
NIOZ118_sc893_1	16.318	25.435	20.6885
NIOZ118_sc934_1	12.4753	14.5068	6.42409
NIOZ118_sc986_1	15.6848	15.7071	8.04966
NIOZ118_sc1003_1	13.6996	25.4555	23.6351
NIOZ118_sc1028_1	11.9647	5.35821	2.47318
NIOZ118_sc1050_1	13.5745	15.4209	6.21109
NIOZ118_sc1087_1	14.3052	17.2061	9.1737
NIOZ118_sc1088_1	8.23764	12.1156	5.31205
NIOZ118_sc1105_1	10.4697	5.10384	2.61161
NIOZ118_sc1127_1	14.3826	16.723	8.70346
NIOZ118_sc1137_1	15.8886	32.1473	24.5923
NIOZ118_sc1146_1	16.5591	18.2446	7.33898
NIOZ118_sc1178_1	15.7959	15.8473	7.21775
NIOZ118_sc1194_1	14.1893	10.9327	5.09327
NIOZ118_sc1263_1	15.0514	23.0117	22.861
NIOZ118_sc1310_1	16.8265	31.4693	23.2482
NIOZ118_sc1317_1	13.4843	15.5046	6.83657
NIOZ118_sc1322_1	16.2458	31.0642	26.3382
NIOZ118_sc1324_1	16.6987	17.8164	7.37001
NIOZ118_sc1387_1	14.5158	16.577	5.87805
NIOZ118_sc1414_1	14.4597	4.36167	1.74026
NIOZ118_sc1432_1	16.6994	29.4233	26.1966
NIOZ118_sc1449_1	3.39119	7.34237	5.46542
NIOZ118_sc1453_1	5.09174	8.51921	4.89048
NIOZ118_sc1469_1	15.8709	27.7911	20.9234
NIOZ118_sc1478_1	15.9982	17.0446	7.10721
NIOZ118_sc1488_1	14.2342	6.22545	3.94233
NIOZ118_sc1494_1	14.326	27.1035	23.4567
NIOZ118_sc1506_1	15.9177	18.6644	8.47499
NIOZ118_sc1521_1	15.6794	17.519	6.17156
NIOZ118_sc1523_1	16.5061	30.007	26.1582
NIOZ118_sc1532_1	15.5047	30.0017	22.0064
NIOZ118_sc1547_1	16.3026	16.3942	6.79419
NIOZ118_sc1559_1	16.2598	30.6508	24.8723
NIOZ118_sc1571_1	12.9908	15.6923	7.34293
NIOZ118_sc1576_1	17.8491	17.0207	8.16158
NIOZ118_sc1581_1	15.9351	17.2796	7.75972
NIOZ118_sc1637_1	13.9228	6.13122	2.42695
NIOZ118_sc1639_1	14.957	17.0438	7.95987
NIOZ118_sc1641_1	15.8087	27.868	26.6767
NIOZ118_sc1679_1	15.6554	17.8505	7.79995
NIOZ118_sc1682_1	16.41	16.7522	8.44078
NIOZ118_sc1687_1	16.2709	17.7374	7.70393
NIOZ118_sc1702_1	15.5885	17.0719	9.26625
NIOZ118_sc1750_1	14.4425	18.174	7.5872
NIOZ118_sc1772_1	15.4927	18.5315	8.45186
NIOZ118_sc1777_1	14.505	14.7553	6.69646
NIOZ118_sc1839_1	14.8297	15.4088	6.51602
NIOZ118_sc1873_1	13.489	7.34114	2.7146
NIOZ118_sc1902_1	13.5707	27.2892	21.1852
NIOZ118_sc1930_1	12.7663	6.41577	3.58904
NIOZ118_sc1961_1	17.6907	27.9802	26.514
NIOZ118_sc1963_1	12.5827	7.92949	2.75363
NIOZ118_sc1988_1	2.96316	6.67183	4.18878
NIOZ118_sc2043_1	16.4033	33.5023	26.3259
NIOZ118_sc2053_1	14.975	27.2493	17.9862
NIOZ118_sc2057_1	10.3067	5.87788	2.77578
NIOZ118_sc2063_1	15.8035	15.6622	6.94212
NIOZ118_sc2071_1	15.8611	5.91789	2.67565
NIOZ118_sc2094_1	14.6162	6.50976	2.25488
NIOZ118_sc2129_1	10.4168	5.45607	2.13511
NIOZ118_sc2197_1	3.7116	10.2422	5.45023
NIOZ118_sc2242_1	14.3884	15.975	7.1566
NIOZ118_sc2258_1	16.3002	32.1667	24.2158
NIOZ118_sc2269_1	15.6663	15.6815	5.73238
NIOZ118_sc2278_1	17.2643	32.1619	25.9758
NIOZ118_sc2301_1	13.47	15.9383	7.20916
NIOZ118_sc2314_1	3.67494	8.72161	4.72369
NIOZ118_sc2327_1	14.7881	6.20375	2.18618
NIOZ118_sc2368_1	16.7653	32.4467	25.9418
NIOZ118_sc2388_1	18.5769	35.3166	28.268
NIOZ118_sc2393_1	17.0615	17.9329	9.12034
NIOZ118_sc2423_1	5.88384	4.52733	1.36656
NIOZ118_sc2424_1	17.6407	19.6549	8.38913
NIOZ118_sc2431_1	9.24227	18.4796	17.8473
NIOZ118_sc2518_1	6.69189	19.6467	16.3959
NIOZ118_sc2529_1	2.26425	7.26279	3.81307
NIOZ118_sc2569_1	2.35033	9.41468	5.43818
NIOZ118_sc2571_1	12.5172	14.8316	8.10314
NIOZ118_sc2574_1	11.9935	6.09286	2.84766
NIOZ118_sc2615_1	14.6292	16.4653	7.69388
NIOZ118_sc2636_1	3.4881	10.7709	5.94212
NIOZ118_sc2646_1	11.0683	20.309	18.75
NIOZ118_sc2699_1	12.0619	6.49369	3.00489
NIOZ118_sc2763_1	7.36054	11.9793	5.62375
NIOZ118_sc2790_1	11.7536	16.8289	7.60777
NIOZ118_sc2798_1	12.6734	15.0654	6.17485
NIOZ118_sc2851_1	15.0569	7.95027	3.89874
NIOZ118_sc2893_1	12.9887	17.841	7.10566
NIOZ118_sc2917_1	11.6822	11.0287	7.05494
NIOZ118_sc2977_1	13.9444	7.6067	2.71001
NIOZ118_sc2978_1	17.8529	32.345	27.1629
NIOZ118_sc2986_1	12.5449	6.86915	2.99834
NIOZ118_sc3008_1	12.7062	30.282	22.3305
NIOZ118_sc3012_1	14.9297	6.31079	1.98512
NIOZ118_sc3021_1	15.7767	5.42391	2.61903
NIOZ118_sc3035_1	12.019	13.7264	6.99609
NIOZ118_sc3083_1	14.7645	6.43899	3.1044
NIOZ118_sc3085_1	13.6973	17.659	9.14981
NIOZ118_sc3087_1	6.78928	16.7899	14.2554
NIOZ118_sc3112_1	10.999	12.6687	4.53076
NIOZ118_sc3127_1	14.9547	17.391	9.43279
NIOZ118_sc3180_1	12.666	5.2621	1.58401
NIOZ118_sc3186_1	15.0015	28.3511	22.3387
NIOZ118_sc3203_1	15.4552	16.5421	6.88082
NIOZ118_sc3229_1	16.332	30.0604	24.4595
NIOZ118_sc3280_1	29.4507	9.46516	3.51245
NIOZ118_sc3311_1	3.49016	7.50741	3.95699
NIOZ118_sc3321_1	14.4986	28.7995	22.3102
NIOZ118_sc3343_1	5.69887	10.4558	4.95084
NIOZ118_sc3358_1	13.0918	23.4876	19.9247
NIOZ118_sc3447_1	15.2309	15.7638	8.33946
NIOZ118_sc3451_1	5.70244	11.943	5.96777
NIOZ118_sc3472_1	15.6268	33.5377	25.6348
NIOZ118_sc3495_1	12.488	27.7366	22.9171
NIOZ118_sc3512_1	16.0515	28.9332	24.7035
NIOZ118_sc3574_1	16.397	29.3016	21.2403
NIOZ118_sc3595_1	14.5519	16.6134	6.46755
NIOZ118_sc3597_1	12.4584	15.2265	6.29135
NIOZ118_sc3602_1	11.2796	4.9913	2.82635
NIOZ118_sc3604_1	16.2347	27.6151	20.0753
NIOZ118_sc3619_1	15.8657	29.3138	24.0971
NIOZ118_sc3650_1	14.0839	17.0156	7.23235
NIOZ118_sc3675_1	14.1715	27.9574	23.627
NIOZ118_sc3690_1	14.1931	6.43954	1.96408
NIOZ118_sc3708_1	4.79036	9.57947	6.07322
NIOZ118_sc3739_1	10.8926	25.0432	21.0853
NIOZ118_sc3749_1	16.5467	32.8542	25.5458
NIOZ118_sc3765_1	15.585	13.0972	5.87848
NIOZ118_sc3770_1	17.4452	27.7405	24.8232
NIOZ118_sc3795_1	17.639	19.7711	7.569
NIOZ118_sc3800_1	12.394	7.66702	2.58644
NIOZ118_sc3823_1	16.0858	19.1587	7.82012
NIOZ118_sc3827_1	18.444	17.137	7.36022
NIOZ118_sc3851_1	14.2256	28.282	22.7216
NIOZ118_sc3863_1	14.411	27.0139	20.272
NIOZ118_sc3915_1	17.2237	31.3875	26.2406
NIOZ118_sc3926_1	15.821	28.144	23.0192
NIOZ118_sc3940_1	12.0234	4.96696	3.45211
NIOZ118_sc3953_1	16.1298	16.1977	6.36976
NIOZ118_sc3964_1	11.9188	22.3835	17.4241
NIOZ118_sc3995_1	15.9828	29.1514	24.8919
NIOZ118_sc4013_1	17.9005	31.295	26.608
NIOZ118_sc4016_1	15.2638	16.8008	8.13102
NIOZ118_sc4036_1	16.0407	29.328	24.2555
NIOZ118_sc4042_1	15.4034	19.0532	8.53307
NIOZ118_sc4060_1	15.9631	15.7698	6.93625
NIOZ118_sc4088_1	15.0306	7.78616	3.5379
NIOZ118_sc4095_1	17.4321	33.8814	27.5481
NIOZ118_sc4104_1	2.93652	8.5716	5.41306
NIOZ118_sc4135_1	6.20258	10.763	4.60181
NIOZ118_sc4160_1	9.88753	13.5427	12.8168
NIOZ118_sc4165_1	17.5464	32.5006	26.975
NIOZ118_sc4171_1	4.8985	8.88548	6.29583
NIOZ118_sc4187_1	15.2549	30.6718	25.1056
NIOZ118_sc4332_1	5.9913	8.87726	4.31641
NIOZ118_sc4341_1	11.7724	6.52492	1.79784
NIOZ118_sc4342_1	15.7244	29.4586	24.7306
NIOZ118_sc4345_1	16.6413	30.5581	23.6566
NIOZ118_sc4354_1	14.4892	26.4515	23.0086
NIOZ118_sc4359_1	13.3617	15.4748	6.69424
NIOZ118_sc4381_1	13.0351	11.0502	6.8953
NIOZ118_sc4397_1	15.2992	16.5733	5.86229
NIOZ118_sc4436_1	16.0081	29.6454	24.4941
NIOZ118_sc4443_1	12.796	6.93048	2.65798
NIOZ118_sc4450_1	15.5968	27.7294	23.1169
NIOZ118_sc4456_1	12.1055	15.4465	4.63193
NIOZ118_sc4465_1	4.92211	9.24066	3.52812
NIOZ118_sc4509_1	16.8183	27.1386	24.4572
NIOZ118_sc4543_1	15.3317	26.7845	23.3891
NIOZ118_sc4550_1	15.7421	18.3331	8.49017
NIOZ118_sc4569_1	13.4662	6.61012	2.91552
NIOZ118_sc4605_1	14.3813	14.7314	6.72927
NIOZ118_sc4624_1	17.8938	13.2811	7.93815
NIOZ118_sc4637_1	16.9438	30.0695	24.8912
NIOZ118_sc4639_1	16.1846	30.625	24.9998
NIOZ118_sc4656_1	10.655	18.385	16.0589
NIOZ118_sc4658_1	13.759	14.4768	5.70832
NIOZ118_sc4680_1	10.6759	20.5069	14.6979
NIOZ118_sc4834_1	14.8609	15.0543	6.40344
NIOZ118_sc4871_1	15.3112	20.0276	6.50393
NIOZ118_sc4906_1	15.9486	30.5705	24.1427
NIOZ118_sc4930_1	13.5471	5.9354	1.91142
NIOZ118_sc4931_1	14.3443	23.7587	21.1879
NIOZ118_sc4941_1	15.4308	29.8494	23.218
NIOZ118_sc4976_1	3.56513	7.5282	3.48213
NIOZ118_sc4991_1	12.9082	14.953	6.66129
NIOZ118_sc4993_1	11.574	18.2223	14.4154
NIOZ118_sc5014_1	11.6533	11.636	5.42846
NIOZ118_sc5016_1	11.673	14.0627	6.5839
NIOZ118_sc5038_1	14.6946	21.899	19.2999
NIOZ118_sc5055_1	4.85367	10.6008	4.2338
NIOZ118_sc5116_1	12.6271	6.1123	2.37488
NIOZ118_sc5127_1	3.30691	8.9126	10.9789
NIOZ118_sc5170_1	13.0701	5.36174	2.72962
NIOZ118_sc5177_1	13.2293	5.84769	2.40392
NIOZ118_sc5188_1	13.128	14.8935	6.79798
NIOZ118_sc5222_1	3.92192	11.4381	7.91565
NIOZ118_sc5240_1	16.2382	33.4283	25.1342
NIOZ118_sc5241_1	7.99162	12.1174	6.67607
NIOZ118_sc5246_1	3.18414	7.31938	4.87551
NIOZ118_sc5249_1	12.314	6.39631	3.33872
NIOZ118_sc5251_1	13.3585	14.7035	6.98015
NIOZ118_sc5297_1	18.8846	37.4602	30.3947
NIOZ118_sc5300_1	4.18074	8.86077	4.29568
NIOZ118_sc5310_1	13.8886	5.77771	2.53972
NIOZ118_sc5318_1	12.8179	6.77956	2.42273
NIOZ118_sc5353_1	11.7007	6.41393	2.3791
NIOZ118_sc5362_1	14.9735	17.4902	6.96407
NIOZ118_sc5393_1	12.622	5.80427	3.80269
NIOZ118_sc5444_1	13.0966	14.0966	6.34369
NIOZ118_sc5475_1	15.8633	29.5858	25.0336
NIOZ118_sc5515_1	12.9006	19.5759	8.01194
NIOZ118_sc5526_1	15.2508	18.4277	9.37011
NIOZ118_sc5528_1	13.7468	6.08521	2.75218
NIOZ118_sc5545_1	16.0341	31.4107	27.0719
NIOZ118_sc5615_1	14.4527	27.1072	21.0709
NIOZ118_sc5633_1	13.0465	14.6363	6.68168
NIOZ118_sc5668_1	12.3189	13.0419	4.45472
NIOZ118_sc5693_1	15.0488	27.2126	22.6358
NIOZ118_sc5701_1	16.5004	30.9596	26.5215
NIOZ118_sc5712_1	9.8252	10.771	6.42108
NIOZ118_sc5720_1	10.7899	21.2203	21.4167
NIOZ118_sc5764_1	12.4532	14.6909	6.98462
NIOZ118_sc5769_1	14.5699	30.8452	26.5769
NIOZ118_sc5784_1	12.398	5.6194	2.91727
NIOZ118_sc5870_1	10.3556	19.9961	14.5209
NIOZ118_sc5881_1	17.1729	16.908	8.63369
NIOZ118_sc5926_1	15.7083	29.1151	25.5509
NIOZ118_sc5930_1	14.5787	24.6973	22.1119
NIOZ118_sc5953_1	13.7834	12.5122	5.79648
NIOZ118_sc5957_1	6.27131	16.0243	19.6096
NIOZ118_sc5986_1	12.8895	5.17272	2.76162
NIOZ118_sc6006_1	20.4282	17.4641	8.26004
NIOZ118_sc6017_1	3.74494	7.32959	3.76704
NIOZ118_sc6055_1	13.7515	15.7133	6.58534
NIOZ118_sc6073_1	14.5826	14.6721	6.67687
NIOZ118_sc6123_1	9.88987	4.59816	1.55764
NIOZ118_sc6157_1	13.0492	6.63819	2.85946
NIOZ118_sc6222_1	11.7808	5.55486	2.25449
NIOZ118_sc6235_1	17.5088	17.6322	8.70196
NIOZ118_sc6273_1	13.1154	8.32704	1.78527
NIOZ118_sc6279_1	17.238	26.1923	25.0657
NIOZ118_sc6325_1	12.8851	16.8036	5.43899
NIOZ118_sc6357_1	7.43101	4.18798	2.36434
NIOZ118_sc6361_1	14.5198	27.9166	22.497
NIOZ118_sc6464_1	11.2838	14.0475	5.49154
NIOZ118_sc6476_1	16.6295	10.7845	3.45152
NIOZ118_sc6503_1	13.1893	6.01029	2.78
NIOZ118_sc6524_1	16.6656	18.8099	7.98361
NIOZ118_sc6526_1	13.7336	17.348	8.6221
NIOZ118_sc6530_1	18.0585	33.3918	27.3013
NIOZ118_sc6542_1	5.2756	9.8812	5.2273
NIOZ118_sc6552_1	15.1577	16.8738	7.6401
NIOZ118_sc6558_1	16.5918	6.84933	4.80238
NIOZ118_sc6569_1	16.3252	31.8275	23.9935
NIOZ118_sc6574_1	19.9491	19.1442	9.33119
NIOZ118_sc6587_1	14.3549	4.911	2.27273
NIOZ118_sc6604_1	4.03127	9.58699	4.92775
NIOZ118_sc6609_1	5.38813	8.26871	5.47733
NIOZ118_sc6637_1	14.5667	7.24498	4.77895
NIOZ118_sc6681_1	10.8763	6.40514	1.70082
NIOZ118_sc6695_1	13.8105	6.01488	2.43202
NIOZ118_sc6715_1	18.0107	16.8103	6.20203
NIOZ118_sc6721_1	22.4152	29.1534	24.5975
NIOZ118_sc6778_1	11.8397	5.91551	2.1075
NIOZ118_sc6779_1	2.74643	8.14818	4.58518
NIOZ118_sc6811_1	14.7955	6.76766	4.29738
NIOZ118_sc6836_1	11.6778	6.00713	3.34752
NIOZ118_sc6923_1	16.9529	18.6291	8.19314
NIOZ118_sc6957_1	16.4403	31.0556	26.1055
NIOZ118_sc6967_1	15.679	7.82118	4.65409
NIOZ118_sc7051_1	16.2746	15.4045	6.65955
NIOZ118_sc7052_1	14.0177	18.8752	8.42548
NIOZ118_sc7077_1	14.4745	7.51317	2.68823
NIOZ118_sc7175_1	5.3139	9.50124	5.97849
NIOZ118_sc7218_1	3.56263	6.45243	4.39425
NIOZ118_sc7226_1	27.5213	10.2644	3.68339
NIOZ118_sc7304_1	15.2988	5.48379	2.00737
NIOZ118_sc7319_1	14.0686	14.7331	6.84008
NIOZ118_sc7320_1	10.0097	17.6318	16.2638
NIOZ118_sc7321_1	12.9915	15.6266	6.799
NIOZ118_sc7323_1	3.54284	6.6812	3.07165
NIOZ118_sc7349_1	15.996	30.9268	26.3516
NIOZ118_sc7350_1	13.803	15.6516	6.82895
NIOZ118_sc7366_1	16.2561	29.1343	24.2353
NIOZ118_sc7380_1	12.0194	5.29255	3.15329
NIOZ118_sc7454_1	13.8532	7.61544	3.48101
NIOZ118_sc7485_1	14.9216	27.7719	23.7586
NIOZ118_sc7493_1	17.7288	32.037	27.2304
NIOZ118_sc7506_1	12.5813	14.5976	6.78248
NIOZ118_sc7512_1	15.7045	30.9691	24.1269
NIOZ118_sc7530_1	17.0835	32.8136	25.1877
NIOZ118_sc7541_1	15.5596	16.3065	7.59083
NIOZ118_sc7550_1	13.3969	6.17844	2.81129
NIOZ118_sc7560_1	13.2203	13.5165	6.75446
NIOZ118_sc7575_1	11.4678	4.753	3.21784
NIOZ118_sc7593_1	10.9711	23.0801	18.3101
NIOZ118_sc7611_1	15.8464	26.2298	21.3647
NIOZ118_sc7616_1	16.7287	6.29783	3.45927
NIOZ118_sc7627_1	16.1105	30.9198	23.5743
NIOZ118_sc7634_1	13.0146	14.9552	4.83988
NIOZ118_sc7643_1	23.9295	11.7329	2.73992
NIOZ118_sc7686_1	11.8162	6.18946	3.22913
NIOZ118_sc7722_1	14.8255	9.89409	6.57041
NIOZ118_sc7724_1	23.5572	19.8648	8.48876
NIOZ118_sc7726_1	10.7714	5.65413	3.33671
NIOZ118_sc7756_1	12.7526	6.88784	2.73485
NIOZ118_sc7796_1	18.3554	9.72727	6.50075
NIOZ118_sc7833_1	19.1397	28.338	27.6014
NIOZ118_sc7927_1	16.0361	28.7019	24.4019
NIOZ118_sc7948_1	16.3613	31.388	26.3319
NIOZ118_sc7958_1	3.80518	7.43561	5.26041
NIOZ118_sc7966_1	14.6471	6.58583	2.95979
NIOZ118_sc7970_1	18.0613	34.3602	27.273
NIOZ118_sc7988_1	22.2451	40.0965	32.3464
NIOZ118_sc7999_1	8.19834	19.5252	16.921
NIOZ118_sc8045_1	11.8626	15.1411	7.18557
NIOZ118_sc8078_1	5.541	7.72064	5.95262
NIOZ118_sc8105_1	11.2989	22.2635	17.2112
NIOZ118_sc8109_1	12.6304	6.4405	2.20348
NIOZ118_sc8116_1	15.0974	14.8357	6.98128
NIOZ118_sc8132_1	14.6804	6.5178	2.7988
NIOZ118_sc8142_1	11.8878	8.612	4.93283
NIOZ118_sc8155_1	12.5192	15.5726	6.05737
NIOZ118_sc8172_1	3.68105	4.95789	5.49825
NIOZ118_sc8185_1	4.07575	9.14928	4.17304
NIOZ118_sc8234_1	15.8357	28.2979	24.3417
NIOZ118_sc8268_1	14.0715	29.1663	21.9197
NIOZ118_sc8326_1	17.028	31.3958	22.6742
NIOZ118_sc8343_1	14.5894	27.6145	24.0912
NIOZ118_sc8362_1	3.51814	7.21478	2.45472
NIOZ118_sc8367_1	3.69358	5.91887	3.63547
NIOZ118_sc8385_1	15.2103	27.7587	23.4772
NIOZ118_sc8398_1	12.4643	8.17341	3.09603
NIOZ118_sc8499_1	11.4099	4.98475	2.74946
